0 4828
1 489
2 2644
3 213
4 2162
5 2924
6 4114
7 994
8 3779
9 551
10 2419
11 2321
12 2286
13 1048
14 4923
15 2486
16 4363
17 2226
18 1413
19 803
20 3454
21 479
22 3996
23 1322
24 813
25 940
26 1063
27 183
28 4478
29 708
30 542
31 4306
32 1198
33 4539
34 871
35 3360
36 2463
37 1338
38 4354
39 2594
40 1889
41 3125
42 4916
43 527
44 4174
45 1191
46 3013
47 4889
48 4769
49 4426
50 2044
51 3224
52 1257
53 1040
54 4546
55 3423
56 3332
57 609
58 4958
59 2810
60 1317
61 501
62 3468
63 3867
64 1392
65 4340
66 2227
67 3855
68 678
69 2933
70 2802
71 3919
72 1059
73 4070
74 4446
75 1585
76 261
77 2459
78 2826
79 31
80 3238
81 1222
82 4607
83 847
84 2262
85 505
86 622
87 1947
88 2466
89 581
90 1109
91 135
92 2434
93 4578
94 4003
95 3826
96 270
97 1230
98 4033
99 2300
100 4164
101 1835
102 2571
103 1575
104 2257
105 2017
106 4512
107 2519
108 828
109 3690
110 3902
111 418
112 4912
113 4861
114 2618
115 2174
116 366
117 3240
118 473
119 2832
120 3821
121 1583
122 2967
123 1255
124 2513
125 1970
126 1433
127 4135
128 4553
129 467
130 1435
131 3717
132 3654
133 4006
134 1644
135 912
136 2375
137 1156
138 4783
139 4555
140 4846
141 37
142 1326
143 4758
144 4898
145 3944
146 3284
147 264
148 3536
149 110
150 4448
151 3710
152 1693
153 2415
154 1317
155 558
156 738
157 2751
158 4693
159 291
160 4570
161 2480
162 360
163 3224
164 1486
165 2004
166 488
167 213
168 4512
169 1623
170 1120
171 710
172 1660
173 2446
174 1820
175 2910
176 2742
177 1456
178 3174
179 1279
180 1566
181 2622
182 4989
183 4611
184 1390
185 1306
186 169
187 2128
188 409
189 4862
190 3771
191 4979
192 2342
193 4131
194 4556
195 180
196 2487
197 1396
198 1745
199 1999
200 3020
201 2866
202 4061
203 4680
204 312
205 881
206 2591
207 3055
208 3689
209 2117
210 686
211 256
212 1092
213 675
214 4867
215 3834
216 3333
217 37
218 2314
219 3743
220 1251
221 1085
222 74
223 3594
224 1568
225 4630
226 126
227 4055
228 1027
229 1872
230 2406
231 4047
232 4738
233 2819
234 79
235 1402
236 52
237 4022
238 809
239 3741
240 2492
241 1495
242 3997
243 4936
244 3522
245 3865
246 3770
247 3208
248 254
249 1084
250 1951
251 1505
252 3521
253 2025
254 1451
255 89
256 3008
257 2930
258 496
259 4035
260 4802
261 4254
262 4434
263 892
264 2073
265 865
266 3646
267 2125
268 1240
269 4456
270 866
271 3732
272 2303
273 4864
274 20
275 2178
276 81
277 3790
278 386
279 1687
280 1226
281 3689
282 4544
283 1099
284 2066
285 2348
286 2540
287 74
288 278
289 3036
290 4109
291 1432
292 2290
293 4895
294 3676
295 715
296 761
297 2322
298 2840
299 3353
300 3130
301 58
302 2085
303 1786
304 1274
305 2105
306 3964
307 1355
308 2247
309 4350
310 4394
311 4825
312 4391
313 3939
314 924
315 1457
316 1287
317 3464
318 1532
319 2917
320 2852
321 1993
322 4349
323 1494
324 1889
325 3025
326 2209
327 4002
328 1699
329 1401
330 2355
331 4830
332 1459
333 792
334 1616
335 2734
336 4249
337 1932
338 441
339 1496
340 2634
341 1188
342 2673
343 2025
344 127
345 3597
346 3482
347 2766
348 3413
349 1366
350 683
351 1265
352 3360
353 32
354 4111
355 1601
356 4409
357 1320
358 1955
359 1108
360 4073
361 4310
362 938
363 1884
364 1454
365 3906
366 4618
367 703
368 838
369 1412
370 3551
371 3472
372 2600
373 1224
374 1849
375 4079
376 1173
377 332
378 1845
379 4586
380 1698
381 3880
382 2203
383 1410
384 3912
385 1314
386 3011
387 4673
388 3986
389 4966
390 781
391 3059
392 628
393 1720
394 4943
395 2082
396 1978
397 914
398 4137
399 4169
400 2326
401 2688
402 2641
403 1278
404 3912
405 843
406 1709
407 1437
408 2527
409 3554
410 1023
411 4225
412 2434
413 3226
414 1988
415 2698
416 4540
417 4999
418 2371
419 4878
420 1318
421 3152
422 2937
423 1946
424 1224
425 4233
426 381
427 4555
428 147
429 4518
430 3724
431 3825
432 2207
433 2717
434 103
435 2471
436 3560
437 1812
438 261
439 1087
440 1718
441 1284
442 1665
443 504
444 863
445 3653
446 4554
447 1755
448 4
449 1925
450 1634
451 1322
452 1429
453 4571
454 4621
455 4006
456 3804
457 2
458 4913
459 303
460 872
461 3637
462 4128
463 4431
464 2706
465 583
466 3255
467 1267
468 3747
469 3516
470 3706
471 465
472 1152
473 1723
474 2321
475 2015
476 1728
477 1875
478 3771
479 1733
480 152
481 405
482 4407
483 2934
484 1328
485 380
486 3292
487 1485
488 1734
489 3205
490 3140
491 2607
492 1842
493 2269
494 3390
495 4548
496 4204
497 1645
498 2167
499 2952
500 1513
501 2226
502 4769
503 2666
504 3949
505 3443
506 4681
507 678
508 318
509 3452
510 3763
511 1823
512 209
513 4522
514 4757
515 2890
516 4903
517 3049
518 727
519 1637
520 2606
521 219
522 596
523 800
524 2488
525 339
526 1700
527 3045
528 1984
529 3868
530 997
531 3498
532 2446
533 2118
534 1164
535 1395
536 561
537 845
538 3425
539 2232
540 650
541 2188
542 4055
543 2211
544 1711
545 164
546 1453
547 2966
548 4565
549 3532
550 955
551 2171
552 3752
553 2904
554 2971
555 2592
556 3243
557 4671
558 637
559 227
560 4891
561 2986
562 77
563 2337
564 105
565 2593
566 85
567 2018
568 3439
569 3510
570 4250
571 441
572 2051
573 3305
574 4004
575 114
576 4821
577 1810
578 3080
579 4386
580 1694
581 4035
582 1557
583 446
584 3291
585 4528
586 4391
587 1534
588 552
589 28
590 3114
591 443
592 4367
593 3191
594 4133
595 824
596 785
597 4218
598 2842
599 576
600 2728
601 2093
602 2369
603 1131
604 1750
605 2725
606 1245
607 1572
608 4535
609 4325
610 958
611 1230
612 4713
613 3868
614 3028
615 3004
616 3396
617 2419
618 891
619 300
620 3800
621 4005
622 744
623 3167
624 2196
625 1229
626 3991
627 4333
628 447
629 3185
630 1261
631 4527
632 1630
633 3630
634 659
635 3381
636 1356
637 1904
638 1305
639 2243
640 2582
641 3615
642 4825
643 3647
644 2483
645 4206
646 1651
647 2232
648 1625
649 3894
650 2532
651 1777
652 2899
653 4628
654 4944
655 1448
656 857
657 287
658 781
659 2656
660 3473
661 3395
662 2184
663 103
664 2025
665 4195
666 4836
667 4733
668 2451
669 2493
670 3329
671 1385
672 1109
673 3154
674 32
675 4944
676 3712
677 3036
678 2176
679 338
680 1930
681 4709
682 2115
683 4830
684 689
685 3412
686 2630
687 2899
688 51
689 4763
690 555
691 4876
692 3158
693 4091
694 1332
695 184
696 4638
697 1168
698 1269
699 2090
700 14
701 4598
702 3475
703 1123
704 4105
705 3508
706 1067
707 2817
708 1544
709 4596
710 4507
711 4826
712 657
713 2975
714 4656
715 1346
716 1387
717 3638
718 4245
719 2790
720 3402
721 1153
722 2667
723 1560
724 244
725 3999
726 3096
727 4883
728 1519
729 4366
730 3325
731 1533
732 316
733 3152
734 4008
735 4421
736 1660
737 1428
738 3591
739 4556
740 1024
741 3098
742 735
743 1681
744 2425
745 391
746 4379
747 3812
748 382
749 4977
750 2955
751 3784
752 1130
753 622
754 344
755 2726
756 4621
757 3441
758 3961
759 1140
760 4159
761 3638
762 4026
763 4475
764 1791
765 3034
766 249
767 4803
768 814
769 3840
770 712
771 1838
772 3290
773 1447
774 4871
775 716
776 3190
777 603
778 880
779 3572
780 1932
781 3835
782 2356
783 4414
784 4457
785 2701
786 2140
787 430
788 2494
789 2454
790 2923
791 1653
792 1092
793 1949
794 2480
795 2883
796 1335
797 2729
798 4039
799 3502
800 1569
801 4751
802 1692
803 1212
804 1198
805 2916
806 1928
807 4388
808 3519
809 4160
810 2961
811 451
812 2996
813 1669
814 4865
815 3805
816 4370
817 3357
818 588
819 3216
820 811
821 3511
822 1221
823 3256
824 1812
825 3702
826 2491
827 4499
828 1431
829 1530
830 3001
831 4353
832 1281
833 4694
834 565
835 2479
836 2610
837 3845
838 3220
839 2481
840 3005
841 2533
842 4284
843 2353
844 4202
845 4149
846 2511
847 4925
848 3858
849 3099
850 3141
851 1022
852 2962
853 4363
854 4278
855 4774
856 3065
857 1769
858 625
859 848
860 3300
861 3627
862 201
863 933
864 4673
865 766
866 4765
867 3635
868 963
869 2985
870 1116
871 3969
872 518
873 400
874 1322
875 4720
876 901
877 3833
878 4645
879 4759
880 3284
881 4139
882 781
883 1246
884 3502
885 1411
886 2372
887 2919
888 4533
889 2998
890 3767
891 4185
892 2977
893 321
894 118
895 2650
896 2439
897 4883
898 2637
899 3403
900 4220
901 3753
902 2372
903 4738
904 4153
905 46
906 811
907 1406
908 232
909 456
910 1165
911 3516
912 4595
913 3299
914 1115
915 4449
916 1062
917 3487
918 3720
919 595
920 2837
921 3840
922 4780
923 814
924 4161
925 1251
926 4816
927 1600
928 2486
929 2453
930 3
931 1707
932 2558
933 3727
934 1445
935 1711
936 3774
937 2256
938 4469
939 358
940 4065
941 635
942 226
943 12
944 286
945 1341
946 814
947 1348
948 1181
949 4534
950 3296
951 4018
952 3374
953 4428
954 1185
955 3887
956 2031
957 2353
958 488
959 4518
960 4807
961 1843
962 1225
963 3717
964 571
965 4022
966 1781
967 4345
968 1279
969 1250
970 1055
971 1696
972 1885
973 1281
974 1708
975 3523
976 2623
977 2522
978 1224
979 3804
980 3409
981 4520
982 4174
983 3135
984 300
985 359
986 2023
987 2332
988 2713
989 2511
990 1850
991 3872
992 4354
993 4427
994 2589
995 1277
996 3449
997 4370
998 1974
999 1080
1000 621
1001 3029
1002 2776
1003 3858
1004 4311
1005 837
1006 3734
1007 1934
1008 4711
1009 4958
1010 2090
1011 3120
1012 830
1013 2616
1014 1256
1015 2482
1016 2976
1017 4631
1018 4814
1019 2041
1020 3494
1021 3016
1022 2265
1023 4200
1024 2443
1025 1206
1026 478
1027 893
1028 577
1029 2452
1030 1973
1031 2550
1032 482
1033 1102
1034 2760
1035 4793
1036 1939
1037 2846
1038 3079
1039 1650
1040 2804
1041 1521
1042 1123
1043 4986
1044 4137
1045 3731
1046 2469
1047 3465
1048 3362
1049 2283
1050 506
1051 1856
1052 1652
1053 4123
1054 2408
1055 4095
1056 330
1057 2886
1058 1340
1059 2259
1060 339
1061 4666
1062 1161
1063 821
1064 768
1065 3921
1066 1966
1067 2707
1068 1768
1069 1397
1070 709
1071 924
1072 2918
1073 3184
1074 911
1075 3407
1076 1915
1077 3380
1078 1873
1079 1629
1080 2015
1081 3731
1082 4837
1083 19
1084 2855
1085 2246
1086 4115
1087 4537
1088 1484
1089 1807
1090 1796
1091 1823
1092 1473
1093 2957
1094 3996
1095 2241
1096 3230
1097 2314
1098 1300
1099 4998
1100 3711
1101 2010
1102 2275
1103 2981
1104 1546
1105 3186
1106 2741
1107 4814
1108 2918
1109 4614
1110 2795
1111 1285
1112 4697
1113 2633
1114 1305
1115 3904
1116 1231
1117 1772
1118 3441
1119 2715
1120 3579
1121 1589
1122 891
1123 1405
1124 4546
1125 1239
1126 3646
1127 2777
1128 3554
1129 4947
1130 4127
1131 3617
1132 3309
1133 1402
1134 1599
1135 1207
1136 940
1137 4340
1138 1021
1139 210
1140 306
1141 3817
1142 2848
1143 1355
1144 2802
1145 505
1146 260
1147 385
1148 2277
1149 53
1150 4452
1151 2208
1152 1643
1153 343
1154 3613
1155 2541
1156 1583
1157 3612
1158 318
1159 1489
1160 4911
1161 798
1162 106
1163 4572
1164 2200
1165 3057
1166 779
1167 4493
1168 2397
1169 1801
1170 4703
1171 4055
1172 1970
1173 2551
1174 411
1175 4772
1176 3056
1177 2023
1178 1509
1179 1685
1180 3428
1181 961
1182 3894
1183 71
1184 2657
1185 3859
1186 3965
1187 592
1188 3823
1189 4283
1190 2081
1191 3734
1192 81
1193 3539
1194 3306
1195 3634
1196 1597
1197 438
1198 3127
1199 346
1200 2239
1201 2830
1202 754
1203 561
1204 1734
1205 2517
1206 1685
1207 4790
1208 4540
1209 3194
1210 1476
1211 2968
1212 4155
1213 1722
1214 4392
1215 3164
1216 1933
1217 3357
1218 3756
1219 757
1220 3992
1221 2189
1222 843
1223 426
1224 2081
1225 502
1226 412
1227 3678
1228 940
1229 3539
1230 376
1231 3179
1232 2721
1233 1130
1234 92
1235 4455
1236 3647
1237 1777
1238 598
1239 4539
1240 4971
1241 3426
1242 3860
1243 478
1244 148
1245 4604
1246 3643
1247 3433
1248 2961
1249 3751
1250 4190
1251 3305
1252 2293
1253 1386
1254 83
1255 4374
1256 1888
1257 495
1258 3052
1259 2828
1260 386
1261 4780
1262 2359
1263 4460
1264 2263
1265 2451
1266 267
1267 2262
1268 4228
1269 865
1270 1802
1271 551
1272 643
1273 662
1274 1029
1275 791
1276 1618
1277 1024
1278 4225
1279 931
1280 4776
1281 4767
1282 4236
1283 3421
1284 1153
1285 672
1286 2795
1287 4393
1288 2519
1289 2199
1290 2221
1291 2906
1292 1979
1293 4580
1294 3718
1295 4242
1296 3383
1297 3985
1298 2857
1299 3963
1300 1203
1301 4659
1302 4514
1303 1846
1304 1673
1305 544
1306 3990
1307 3291
1308 2920
1309 4567
1310 4222
1311 4048
1312 686
1313 4810
1314 2469
1315 3192
1316 482
1317 264
1318 2585
1319 4354
1320 2463
1321 4807
1322 2260
1323 795
1324 739
1325 2330
1326 1389
1327 475
1328 1315
1329 4246
1330 4438
1331 3870
1332 257
1333 3953
1334 2069
1335 3282
1336 849
1337 2411
1338 2925
1339 3769
1340 3330
1341 3499
1342 4170
1343 4016
1344 3310
1345 1639
1346 2208
1347 144
1348 3256
1349 1146
1350 4498
1351 2071
1352 2305
1353 3110
1354 4218
1355 3044
1356 440
1357 608
1358 3519
1359 3108
1360 1206
1361 2958
1362 3330
1363 1464
1364 3263
1365 399
1366 1098
1367 4112
1368 4162
1369 4024
1370 4233
1371 2492
1372 2523
1373 3403
1374 1509
1375 2185
1376 1395
1377 69
1378 3682
1379 4651
1380 2567
1381 4532
1382 1722
1383 4872
1384 2643
1385 941
1386 2917
1387 4435
1388 2901
1389 2788
1390 2543
1391 4107
1392 2098
1393 2226
1394 1923
1395 361
1396 2625
1397 4374
1398 825
1399 3140
1400 3398
1401 59
1402 632
1403 2273
1404 4814
1405 3493
1406 4459
1407 1209
1408 4915
1409 4493
1410 860
1411 2482
1412 4025
1413 3935
1414 2355
1415 1668
1416 1228
1417 1624
1418 2456
1419 4129
1420 4412
1421 4999
1422 4588
1423 2863
1424 3577
1425 2864
1426 3224
1427 2555
1428 2238
1429 402
1430 695
1431 1988
1432 461
1433 1327
1434 613
1435 275
1436 4821
1437 72
1438 2837
1439 4736
1440 4565
1441 3697
1442 3570
1443 4943
1444 3984
1445 925
1446 1611
1447 212
1448 2549
1449 4067
1450 693
1451 3314
1452 419
1453 1634
1454 1177
1455 3996
1456 850
1457 753
1458 2903
1459 4440
1460 1155
1461 3598
1462 1428
1463 2968
1464 4926
1465 2041
1466 4596
1467 1099
1468 3466
1469 2433
1470 2187
1471 4383
1472 2482
1473 757
1474 4326
1475 1467
1476 3035
1477 2290
1478 3031
1479 584
1480 2709
1481 77
1482 3898
1483 4480
1484 1711
1485 1427
1486 4829
1487 3913
1488 2181
1489 2732
1490 3353
1491 4688
1492 1331
1493 1133
1494 2657
1495 2609
1496 3174
1497 3605
1498 60
1499 2992
1500 1038
1501 2247
1502 3728
1503 3520
1504 4356
1505 4406
1506 1339
1507 2391
1508 1696
1509 4371
1510 4328
1511 758
1512 800
1513 4578
1514 238
1515 2511
1516 1006
1517 1419
1518 1424
1519 4539
1520 4152
1521 1129
1522 4227
1523 1835
1524 2262
1525 3236
1526 796
1527 436
1528 1841
1529 856
1530 4781
1531 2879
1532 3103
1533 3509
1534 2752
1535 3811
1536 2915
1537 4091
1538 1203
1539 964
1540 4814
1541 531
1542 3074
1543 614
1544 109
1545 3312
1546 4477
1547 2467
1548 1084
1549 2253
1550 2006
1551 1588
1552 3382
1553 2586
1554 4775
1555 644
1556 2174
1557 571
1558 2433
1559 4016
1560 1427
1561 2214
1562 3247
1563 882
1564 2075
1565 999
1566 4693
1567 1342
1568 1443
1569 896
1570 3658
1571 2609
1572 2779
1573 1732
1574 3224
1575 4241
1576 45
1577 4053
1578 3060
1579 2481
1580 1307
1581 67
1582 4069
1583 4689
1584 4005
1585 3844
1586 1686
1587 1179
1588 4415
1589 4119
1590 195
1591 2194
1592 2685
1593 4795
1594 3076
1595 4760
1596 2146
1597 2769
1598 2454
1599 4941
1600 18
1601 1113
1602 2551
1603 2797
1604 2845
1605 2127
1606 3390
1607 4242
1608 1180
1609 1451
1610 1723
1611 3839
1612 2870
1613 2144
1614 4881
1615 1875
1616 988
1617 1567
1618 4406
1619 1755
1620 2038
1621 954
1622 3949
1623 4723
1624 749
1625 2025
1626 4483
1627 4247
1628 4795
1629 1937
1630 4189
1631 1165
1632 4402
1633 1740
1634 3962
1635 2248
1636 219
1637 3705
1638 1490
1639 2751
1640 1508
1641 3214
1642 1591
1643 4378
1644 1710
1645 2824
1646 2605
1647 2699
1648 4391
1649 2011
1650 806
1651 1429
1652 4317
1653 1108
1654 2504
1655 1418
1656 3133
1657 3339
1658 666
1659 4280
1660 276
1661 4855
1662 445
1663 4679
1664 2947
1665 760
1666 3279
1667 3166
1668 817
1669 4769
1670 917
1671 2325
1672 4335
1673 2508
1674 1703
1675 1046
1676 332
1677 660
1678 97
1679 1075
1680 4023
1681 903
1682 3856
1683 3341
1684 3363
1685 1360
1686 4759
1687 2849
1688 4699
1689 425
1690 3481
1691 1328
1692 1632
1693 3927
1694 2359
1695 4579
1696 1039
1697 638
1698 2745
1699 1856
1700 1759
1701 3663
1702 4181
1703 1095
1704 2523
1705 2236
1706 2141
1707 4208
1708 2896
1709 3590
1710 283
1711 1919
1712 845
1713 492
1714 1612
1715 4209
1716 1852
1717 1372
1718 2058
1719 2904
1720 3149
1721 539
1722 4232
1723 4782
1724 818
1725 2943
1726 4361
1727 1857
1728 3581
1729 2107
1730 65
1731 340
1732 2122
1733 598
1734 2787
1735 4645
1736 2834
1737 4928
1738 3853
1739 2082
1740 4870
1741 489
1742 354
1743 716
1744 981
1745 1966
1746 4925
1747 4185
1748 4690
1749 1983
1750 2089
1751 2840
1752 3874
1753 2673
1754 2622
1755 4693
1756 616
1757 1983
1758 2902
1759 4197
1760 442
1761 2968
1762 890
1763 2564
1764 4918
1765 3677
1766 3562
1767 4105
1768 4958
1769 2415
1770 2539
1771 4828
1772 4256
1773 2893
1774 544
1775 237
1776 1212
1777 469
1778 775
1779 902
1780 3804
1781 2864
1782 3742
1783 2679
1784 538
1785 2716
1786 3724
1787 1154
1788 1052
1789 1626
1790 1704
1791 1494
1792 946
1793 2594
1794 411
1795 865
1796 2623
1797 3973
1798 1322
1799 2581
1800 2740
1801 3861
1802 3762
1803 1997
1804 1755
1805 4306
1806 3586
1807 4319
1808 1128
1809 4361
1810 221
1811 1284
1812 3578
1813 316
1814 315
1815 4116
1816 3032
1817 4039
1818 1622
1819 4084
1820 666
1821 3326
1822 1931
1823 1612
1824 2272
1825 3694
1826 3829
1827 4896
1828 2667
1829 151
1830 3829
1831 1759
1832 365
1833 3943
1834 108
1835 2120
1836 4602
1837 47
1838 1439
1839 730
1840 760
1841 3012
1842 3366
1843 4338
1844 3328
1845 3682
1846 4806
1847 2713
1848 2721
1849 1429
1850 1797
1851 3387
1852 1107
1853 80
1854 1352
1855 3380
1856 3774
1857 1533
1858 4628
1859 2793
1860 3037
1861 4809
1862 905
1863 3402
1864 3753
1865 1013
1866 1874
1867 3355
1868 1060
1869 4665
1870 437
1871 1821
1872 2677
1873 3803
1874 2511
1875 2358
1876 3837
1877 2318
1878 71
1879 1559
1880 3747
1881 3220
1882 1298
1883 4854
1884 3301
1885 4002
1886 4586
1887 3427
1888 536
1889 566
1890 1221
1891 3573
1892 376
1893 2126
1894 3327
1895 481
1896 4491
1897 201
1898 3836
1899 552
1900 4866
1901 625
1902 3725
1903 2543
1904 780
1905 1236
1906 1253
1907 4618
1908 4906
1909 1324
1910 1177
1911 3653
1912 4545
1913 3827
1914 4860
1915 2846
1916 2830
1917 798
1918 1273
1919 4718
1920 1365
1921 3846
1922 3291
1923 3093
1924 2324
1925 1618
1926 3574
1927 1816
1928 3171
1929 3762
1930 3720
1931 3037
1932 739
1933 3797
1934 1932
1935 1519
1936 1385
1937 3186
1938 1137
1939 1292
1940 4510
1941 2314
1942 4945
1943 407
1944 1142
1945 1157
1946 3253
1947 324
1948 1956
1949 879
1950 42
1951 4673
1952 1077
1953 4685
1954 4118
1955 3402
1956 1303
1957 4044
1958 1570
1959 826
1960 2806
1961 1642
1962 3863
1963 4897
1964 1791
1965 2147
1966 1416
1967 3176
1968 333
1969 2554
1970 4468
1971 1196
1972 1220
1973 766
1974 1603
1975 3714
1976 3275
1977 1209
1978 4038
1979 1583
1980 3440
1981 4080
1982 1256
1983 4517
1984 3765
1985 1726
1986 4271
1987 1420
1988 770
1989 2193
1990 2246
1991 3576
1992 3835
1993 2461
1994 4825
1995 626
1996 4609
1997 1242
1998 155
1999 1294
2000 3796
2001 4623
2002 2490
2003 1368
2004 1741
2005 446
2006 83
2007 17
2008 1655
2009 4121
2010 1600
2011 1447
2012 4554
2013 4209
2014 964
2015 3319
2016 935
2017 1588
2018 1092
2019 1706
2020 3781
2021 3338
2022 1634
2023 3969
2024 800
2025 1460
2026 947
2027 1761
2028 2702
2029 1102
2030 3055
2031 2850
2032 2078
2033 1898
2034 570
2035 3819
2036 3696
2037 653
2038 3836
2039 1703
2040 1127
2041 1789
2042 3150
2043 681
2044 998
2045 4114
2046 352
2047 1933
2048 2054
2049 1444
2050 4991
2051 836
2052 1135
2053 1626
2054 1157
2055 3287
2056 4438
2057 2104
2058 48
2059 2140
2060 3207
2061 4455
2062 1342
2063 285
2064 1353
2065 1912
2066 456
2067 49
2068 3918
2069 4293
2070 3104
2071 45
2072 1082
2073 1254
2074 726
2075 2080
2076 1721
2077 2430
2078 365
2079 3775
2080 3875
2081 357
2082 4611
2083 1362
2084 3335
2085 768
2086 4649
2087 2773
2088 4225
2089 1049
2090 1265
2091 2432
2092 504
2093 2607
2094 4069
2095 3210
2096 871
2097 4525
2098 4611
2099 4789
2100 170
2101 2716
2102 1186
2103 2604
2104 3970
2105 1912
2106 1036
2107 691
2108 695
2109 1402
2110 819
2111 4570
2112 3111
2113 430
2114 2284
2115 1446
2116 2551
2117 1933
2118 571
2119 1776
2120 4334
2121 1836
2122 560
2123 4838
2124 795
2125 981
2126 4400
2127 3018
2128 1858
2129 364
2130 4160
2131 2029
2132 3080
2133 346
2134 985
2135 3402
2136 2259
2137 2022
2138 446
2139 4306
2140 3424
2141 1265
2142 3876
2143 2887
2144 3047
2145 2512
2146 685
2147 1950
2148 4445
2149 1256
2150 78
2151 3779
2152 4444
2153 638
2154 4969
2155 1591
2156 2971
2157 722
2158 4609
2159 1182
2160 1086
2161 3769
2162 4563
2163 4166
2164 4116
2165 548
2166 3920
2167 2727
2168 2570
2169 4366
2170 2033
2171 2346
2172 1983
2173 2261
2174 233
2175 31
2176 4773
2177 918
2178 1981
2179 570
2180 3526
2181 2060
2182 701
2183 4322
2184 4050
2185 2022
2186 913
2187 3374
2188 2744
2189 523
2190 4556
2191 3830
2192 644
2193 4119
2194 2996
2195 1112
2196 4667
2197 3269
2198 3839
2199 2238
2200 2635
2201 2224
2202 4584
2203 4619
2204 837
2205 1170
2206 1002
2207 610
2208 3440
2209 2983
2210 2532
2211 1967
2212 1395
2213 3233
2214 1289
2215 446
2216 256
2217 3555
2218 3820
2219 4352
2220 4078
2221 3376
2222 3183
2223 1074
2224 3847
2225 2531
2226 2187
2227 3514
2228 800
2229 2378
2230 2104
2231 4788
2232 955
2233 3041
2234 759
2235 1792
2236 4211
2237 1761
2238 3755
2239 2651
2240 1096
2241 1287
2242 970
2243 2492
2244 873
2245 3612
2246 2938
2247 2481
2248 2167
2249 3110
2250 1833
2251 2597
2252 2838
2253 1368
2254 3671
2255 1685
2256 3900
2257 2210
2258 199
2259 4700
2260 941
2261 3656
2262 840
2263 1896
2264 1697
2265 1599
2266 40
2267 2260
2268 3360
2269 3795
2270 1263
2271 809
2272 1435
2273 2234
2274 3301
2275 3660
2276 846
2277 2591
2278 1141
2279 4365
2280 701
2281 4326
2282 1962
2283 3539
2284 695
2285 633
2286 224
2287 947
2288 4196
2289 1775
2290 1999
2291 137
2292 1783
2293 2840
2294 3385
2295 3480
2296 791
2297 3425
2298 2092
2299 504
2300 2221
2301 3356
2302 1313
2303 8
2304 590
2305 4614
2306 3668
2307 2788
2308 2205
2309 1161
2310 2153
2311 4258
2312 1839
2313 467
2314 2797
2315 3886
2316 2452
2317 4373
2318 4833
2319 1648
2320 2500
2321 3185
2322 3137
2323 4284
2324 1025
2325 1522
2326 4116
2327 1816
2328 4948
2329 1209
2330 2320
2331 3521
2332 4565
2333 4985
2334 3529
2335 1507
2336 4599
2337 3549
2338 647
2339 3156
2340 1062
2341 4152
2342 2414
2343 2901
2344 4619
2345 1563
2346 3140
2347 2071
2348 936
2349 4325
2350 3720
2351 4789
2352 2510
2353 1857
2354 4073
2355 4887
2356 3380
2357 3189
2358 3056
2359 4680
2360 750
2361 1728
2362 4553
2363 315
2364 1714
2365 3082
2366 3174
2367 1313
2368 2983
2369 3821
2370 822
2371 4045
2372 2973
2373 3236
2374 3298
2375 3944
2376 4800
2377 2790
2378 1016
2379 2088
2380 2116
2381 1088
2382 1877
2383 978
2384 4297
2385 2302
2386 866
2387 4029
2388 492
2389 3922
2390 3709
2391 2594
2392 2002
2393 3262
2394 2910
2395 3716
2396 2696
2397 2436
2398 1382
2399 2031
2400 2610
2401 2204
2402 2428
2403 1935
2404 440
2405 2079
2406 880
2407 1592
2408 4869
2409 1896
2410 3681
2411 1985
2412 4336
2413 558
2414 4316
2415 3633
2416 2861
2417 182
2418 2663
2419 4705
2420 456
2421 1372
2422 2299
2423 2458
2424 987
2425 1561
2426 1175
2427 35
2428 350
2429 2557
2430 2067
2431 2960
2432 1113
2433 4495
2434 4895
2435 1553
2436 1574
2437 775
2438 3146
2439 1444
2440 4023
2441 1827
2442 4781
2443 3359
2444 3737
2445 4097
2446 3345
2447 2950
2448 631
2449 1008
2450 2655
2451 1087
2452 3732
2453 1307
2454 3546
2455 4719
2456 4220
2457 1073
2458 4755
2459 4570
2460 3630
2461 3174
2462 2530
2463 1095
2464 2669
2465 2426
2466 2648
2467 4244
2468 4553
2469 2146
2470 2040
2471 4929
2472 325
2473 3173
2474 4640
2475 4063
2476 3623
2477 2985
2478 2013
2479 4254
2480 3993
2481 1021
2482 1694
2483 4078
2484 3680
2485 240
2486 149
2487 2900
2488 1313
2489 4904
2490 2471
2491 1295
2492 3078
2493 1353
2494 2390
2495 2100
2496 131
2497 1390
2498 2696
2499 1037
2500 3537
2501 4736
2502 966
2503 214
2504 4261
2505 606
2506 4277
2507 2884
2508 4944
2509 2643
2510 3491
2511 289
2512 16
2513 185
2514 4367
2515 3696
2516 425
2517 4517
2518 2948
2519 3090
2520 773
2521 1771
2522 737
2523 204
2524 3125
2525 4479
2526 2304
2527 4608
2528 869
2529 1352
2530 645
2531 758
2532 1088
2533 1611
2534 973
2535 1701
2536 3570
2537 1602
2538 938
2539 3514
2540 597
2541 4429
2542 3803
2543 1965
2544 4614
2545 4523
2546 2013
2547 1391
2548 4040
2549 4962
2550 833
2551 1165
2552 3085
2553 1570
2554 1369
2555 2562
2556 2401
2557 25
2558 2171
2559 3270
2560 1377
2561 2816
2562 381
2563 3817
2564 780
2565 2706
2566 519
2567 702
2568 660
2569 1457
2570 568
2571 1258
2572 2238
2573 4371
2574 4575
2575 1852
2576 246
2577 1589
2578 4595
2579 4286
2580 2903
2581 428
2582 1804
2583 988
2584 3350
2585 3173
2586 3551
2587 751
2588 3199
2589 2074
2590 373
2591 928
2592 1242
2593 2106
2594 4746
2595 2022
2596 4812
2597 265
2598 4076
2599 473
2600 3074
2601 4644
2602 3083
2603 312
2604 368
2605 2658
2606 3516
2607 614
2608 599
2609 3111
2610 1253
2611 3502
2612 4891
2613 3057
2614 843
2615 4593
2616 2582
2617 746
2618 1696
2619 781
2620 2820
2621 2069
2622 1710
2623 4062
2624 528
2625 2808
2626 2437
2627 340
2628 4425
2629 1513
2630 2165
2631 2499
2632 1158
2633 248
2634 4163
2635 1526
2636 4259
2637 2679
2638 3492
2639 4858
2640 2142
2641 4745
2642 4713
2643 3385
2644 4154
2645 556
2646 2978
2647 1737
2648 1302
2649 1026
2650 3870
2651 4122
2652 3095
2653 1932
2654 4536
2655 4975
2656 4740
2657 1973
2658 316
2659 4165
2660 4839
2661 3833
2662 3016
2663 997
2664 434
2665 2179
2666 3875
2667 4693
2668 1210
2669 3719
2670 903
2671 4704
2672 4817
2673 616
2674 3089
2675 3971
2676 1172
2677 2419
2678 2060
2679 3826
2680 3445
2681 931
2682 2948
2683 2893
2684 2863
2685 3837
2686 2868
2687 2604
2688 810
2689 4536
2690 3121
2691 649
2692 3370
2693 1138
2694 2998
2695 3804
2696 3317
2697 3225
2698 4849
2699 4528
2700 3297
2701 752
2702 584
2703 3114
2704 2721
2705 3674
2706 3437
2707 245
2708 2445
2709 498
2710 4072
2711 2243
2712 1429
2713 3372
2714 1488
2715 4292
2716 2209
2717 708
2718 3248
2719 3020
2720 245
2721 2722
2722 21
2723 4967
2724 3860
2725 4372
2726 123
2727 2177
2728 3949
2729 4972
2730 3057
2731 2246
2732 2076
2733 4994
2734 1712
2735 1149
2736 3668
2737 150
2738 1395
2739 2465
2740 648
2741 467
2742 4708
2743 2077
2744 3839
2745 1196
2746 2721
2747 1049
2748 1905
2749 2322
2750 421
2751 3502
2752 44
2753 1794
2754 4821
2755 3904
2756 1166
2757 4944
2758 2433
2759 1468
2760 1268
2761 1843
2762 66
2763 4696
2764 1837
2765 1779
2766 846
2767 1857
2768 1929
2769 2241
2770 674
2771 2577
2772 2708
2773 383
2774 1006
2775 1547
2776 2931
2777 3727
2778 3948
2779 1188
2780 2401
2781 4369
2782 1042
2783 2445
2784 1164
2785 863
2786 2701
2787 3682
2788 2159
2789 135
2790 150
2791 3427
2792 3330
2793 217
2794 3124
2795 1519
2796 3348
2797 322
2798 4728
2799 277
2800 2563
2801 402
2802 2854
2803 1623
2804 2137
2805 3860
2806 3170
2807 1421
2808 3939
2809 2119
2810 2609
2811 1341
2812 2840
2813 4
2814 138
2815 4004
2816 867
2817 2840
2818 4039
2819 4379
2820 4327
2821 4189
2822 2806
2823 4009
2824 758
2825 2282
2826 528
2827 4106
2828 2604
2829 256
2830 735
2831 1519
2832 658
2833 4941
2834 3142
2835 2796
2836 3801
2837 2665
2838 4217
2839 4093
2840 4784
2841 3178
2842 1786
2843 3976
2844 4534
2845 1924
2846 2981
2847 1754
2848 4764
2849 2020
2850 1133
2851 443
2852 2561
2853 3939
2854 4452
2855 4672
2856 2574
2857 4980
2858 130
2859 1530
2860 1588
2861 866
2862 3050
2863 3599
2864 807
2865 2544
2866 1395
2867 961
2868 209
2869 1964
2870 1406
2871 1345
2872 1494
2873 3192
2874 322
2875 1029
2876 116
2877 4655
2878 2783
2879 1233
2880 3027
2881 3916
2882 1676
2883 1940
2884 4207
2885 2481
2886 1612
2887 3133
2888 3813
2889 3095
2890 1016
2891 402
2892 313
2893 418
2894 4001
2895 1120
2896 2962
2897 1748
2898 3433
2899 3172
2900 64
2901 4839
2902 4517
2903 1558
2904 3031
2905 1191
2906 3939
2907 4500
2908 846
2909 3074
2910 2085
2911 225
2912 3342
2913 113
2914 2166
2915 3902
2916 2594
2917 130
2918 2035
2919 1408
2920 3225
2921 3051
2922 3162
2923 3538
2924 4821
2925 2163
2926 1011
2927 2784
2928 263
2929 4444
2930 2308
2931 327
2932 636
2933 3177
2934 3237
2935 19
2936 4369
2937 2177
2938 871
2939 1567
2940 251
2941 2956
2942 1793
2943 3594
2944 3070
2945 3959
2946 2496
2947 2016
2948 4089
2949 883
2950 4776
2951 3667
2952 287
2953 2938
2954 2205
2955 108
2956 1453
2957 4568
2958 4244
2959 1716
2960 365
2961 1552
2962 2043
2963 1001
2964 4730
2965 1633
2966 1020
2967 451
2968 3810
2969 1892
2970 2018
2971 413
2972 1200
2973 163
2974 359
2975 4270
2976 4122
2977 4207
2978 2639
2979 4564
2980 91
2981 2415
2982 4583
2983 1730
2984 1706
2985 3140
2986 3190
2987 3159
2988 2709
2989 2435
2990 4876
2991 3074
2992 339
2993 3271
2994 4075
2995 1421
2996 4904
2997 1447
2998 1872
2999 66
3000 4691
3001 243
3002 480
3003 892
3004 406
3005 2191
3006 1514
3007 881
3008 1399
3009 505
3010 445
3011 2842
3012 2921
3013 1380
3014 4572
3015 4627
3016 4520
3017 4114
3018 4138
3019 2229
3020 2901
3021 366
3022 303
3023 3241
3024 4990
3025 730
3026 1014
3027 4894
3028 3530
3029 2887
3030 1313
3031 3221
3032 3130
3033 3145
3034 465
3035 3536
3036 336
3037 3332
3038 4417
3039 1735
3040 3837
3041 1214
3042 4577
3043 3110
3044 2594
3045 501
3046 2737
3047 3467
3048 968
3049 1876
3050 696
3051 3869
3052 3594
3053 2352
3054 3462
3055 3584
3056 4434
3057 4477
3058 3479
3059 2964
3060 3716
3061 1144
3062 2538
3063 3198
3064 4289
3065 4355
3066 1734
3067 977
3068 2687
3069 2504
3070 4065
3071 1525
3072 70
3073 4994
3074 987
3075 4017
3076 496
3077 3725
3078 2484
3079 2816
3080 1953
3081 4532
3082 3037
3083 547
3084 1884
3085 2852
3086 4132
3087 2671
3088 2329
3089 3963
3090 1987
3091 2397
3092 1459
3093 4525
3094 595
3095 2100
3096 3881
3097 3681
3098 3077
3099 2920
3100 2537
3101 2142
3102 797
3103 2608
3104 3489
3105 1785
3106 2977
3107 337
3108 510
3109 1813
3110 3153
3111 3815
3112 1345
3113 1190
3114 714
3115 4582
3116 4042
3117 1198
3118 2253
3119 2723
3120 161
3121 4240
3122 120
3123 2972
3124 118
3125 2067
3126 72
3127 351
3128 2101
3129 3150
3130 3271
3131 4638
3132 1644
3133 4069
3134 3598
3135 133
3136 854
3137 2927
3138 470
3139 2716
3140 4740
3141 4975
3142 2883
3143 1086
3144 1166
3145 3597
3146 2020
3147 1560
3148 4796
3149 625
3150 4284
3151 1309
3152 1217
3153 756
3154 4282
3155 1335
3156 4176
3157 4354
3158 1686
3159 1277
3160 3856
3161 4958
3162 2267
3163 1853
3164 379
3165 866
3166 1986
3167 1233
3168 3793
3169 3809
3170 3949
3171 3534
3172 3784
3173 1832
3174 972
3175 1302
3176 1781
3177 2992
3178 4215
3179 1577
3180 4969
3181 3499
3182 4239
3183 1186
3184 607
3185 3521
3186 2522
3187 1135
3188 2875
3189 4208
3190 2412
3191 3084
3192 518
3193 4680
3194 4937
3195 897
3196 1898
3197 3275
3198 3482
3199 2043
3200 3436
3201 3783
3202 577
3203 3573
3204 1967
3205 2901
3206 4875
3207 3749
3208 2245
3209 4090
3210 1678
3211 2214
3212 3941
3213 917
3214 3401
3215 901
3216 4438
3217 2275
3218 3388
3219 3666
3220 1483
3221 801
3222 1750
3223 3354
3224 1833
3225 3039
3226 603
3227 83
3228 1314
3229 4086
3230 2126
3231 4751
3232 2869
3233 4056
3234 3324
3235 4837
3236 3309
3237 4551
3238 3586
3239 555
3240 4994
3241 1616
3242 2769
3243 287
3244 2534
3245 2522
3246 2540
3247 1972
3248 4797
3249 929
3250 638
3251 2633
3252 3082
3253 3740
3254 2339
3255 1267
3256 1779
3257 2942
3258 1350
3259 3094
3260 2028
3261 4828
3262 4197
3263 1250
3264 3884
3265 3873
3266 2439
3267 2194
3268 4776
3269 2377
3270 4101
3271 4770
3272 3993
3273 3222
3274 1410
3275 1527
3276 745
3277 3950
3278 4852
3279 1894
3280 4879
3281 1842
3282 4527
3283 2961
3284 583
3285 1866
3286 4228
3287 3714
3288 1161
3289 1930
3290 3160
3291 4541
3292 1759
3293 2357
3294 791
3295 1995
3296 2582
3297 4582
3298 4189
3299 2359
3300 1959
3301 4642
3302 2129
3303 953
3304 2865
3305 4891
3306 2480
3307 3610
3308 3842
3309 2332
3310 1856
3311 73
3312 4175
3313 2736
3314 3035
3315 1110
3316 954
3317 3615
3318 4824
3319 2115
3320 546
3321 2985
3322 1657
3323 3657
3324 1694
3325 3800
3326 652
3327 4277
3328 3383
3329 1194
3330 1636
3331 1694
3332 836
3333 117
3334 2647
3335 3701
3336 9
3337 1480
3338 3663
3339 203
3340 3812
3341 520
3342 276
3343 4339
3344 3256
3345 4663
3346 449
3347 4210
3348 3279
3349 1626
3350 2678
3351 177
3352 4611
3353 687
3354 3834
3355 2657
3356 839
3357 4486
3358 1934
3359 574
3360 2032
3361 4922
3362 2269
3363 2869
3364 1392
3365 4916
3366 2922
3367 1401
3368 1396
3369 1586
3370 2956
3371 1561
3372 3458
3373 3232
3374 900
3375 3066
3376 2896
3377 2702
3378 3628
3379 2527
3380 4328
3381 2658
3382 2704
3383 291
3384 3345
3385 1538
3386 2948
3387 4185
3388 2376
3389 1235
3390 4759
3391 761
3392 1157
3393 2028
3394 3630
3395 2549
3396 3297
3397 2904
3398 302
3399 4693
3400 842
3401 3258
3402 2606
3403 4300
3404 2843
3405 3507
3406 3718
3407 739
3408 2561
3409 3699
3410 3266
3411 3241
3412 1357
3413 2322
3414 3532
3415 1055
3416 212
3417 1480
3418 240
3419 2588
3420 2715
3421 1351
3422 4701
3423 225
3424 4732
3425 3331
3426 4126
3427 3029
3428 1236
3429 4429
3430 4074
3431 2078
3432 4039
3433 1681
3434 2731
3435 1882
3436 1540
3437 2801
3438 3973
3439 453
3440 1500
3441 3591
3442 3694
3443 4210
3444 913
3445 2226
3446 265
3447 1125
3448 58
3449 1857
3450 66
3451 4126
3452 3208
3453 4767
3454 4351
3455 2940
3456 4451
3457 3477
3458 2321
3459 2039
3460 4258
3461 1396
3462 469
3463 3298
3464 4429
3465 4552
3466 1532
3467 2321
3468 2354
3469 1858
3470 2774
3471 206
3472 449
3473 1468
3474 768
3475 2715
3476 3694
3477 1033
3478 192
3479 104
3480 4242
3481 1610
3482 4230
3483 2451
3484 2730
3485 4933
3486 1743
3487 3533
3488 3411
3489 4065
3490 572
3491 4021
3492 1813
3493 2393
3494 3671
3495 1242
3496 1946
3497 204
3498 3563
3499 652
3500 2062
3501 1337
3502 858
3503 3863
3504 4157
3505 2979
3506 2930
3507 2851
3508 364
3509 3123
3510 2955
3511 4607
3512 1085
3513 3538
3514 3410
3515 3815
3516 3471
3517 153
3518 2348
3519 3234
3520 570
3521 4272
3522 2256
3523 2383
3524 1666
3525 927
3526 4977
3527 3612
3528 2483
3529 3540
3530 4264
3531 4545
3532 1229
3533 1474
3534 4761
3535 386
3536 805
3537 2691
3538 4589
3539 1170
3540 2166
3541 3897
3542 777
3543 3252
3544 2435
3545 4187
3546 3419
3547 906
3548 692
3549 2120
3550 4141
3551 1263
3552 1392
3553 2749
3554 4998
3555 4410
3556 3676
3557 4976
3558 4374
3559 1160
3560 3516
3561 4990
3562 2057
3563 1098
3564 1465
3565 3170
3566 1484
3567 3622
3568 862
3569 2426
3570 4792
3571 4380
3572 1323
3573 1921
3574 3984
3575 3758
3576 2460
3577 3756
3578 4664
3579 3153
3580 876
3581 157
3582 768
3583 3620
3584 2906
3585 766
3586 3031
3587 2935
3588 742
3589 2405
3590 447
3591 611
3592 2396
3593 2504
3594 1709
3595 213
3596 2027
3597 4545
3598 3835
3599 4241
3600 1971
3601 4980
3602 3621
3603 3294
3604 1901
3605 3958
3606 2052
3607 4362
3608 2714
3609 3069
3610 2515
3611 3590
3612 4578
3613 4635
3614 2210
3615 3837
3616 401
3617 1593
3618 1772
3619 2496
3620 3999
3621 2219
3622 3107
3623 2747
3624 1075
3625 1168
3626 4312
3627 3102
3628 713
3629 3147
3630 2343
3631 4037
3632 4479
3633 2317
3634 3683
3635 1381
3636 1275
3637 736
3638 743
3639 3989
3640 157
3641 4610
3642 2579
3643 1087
3644 4245
3645 1141
3646 4924
3647 998
3648 2735
3649 1696
3650 3494
3651 3086
3652 267
3653 2953
3654 2185
3655 1343
3656 4121
3657 1497
3658 797
3659 1187
3660 996
3661 4493
3662 1576
3663 476
3664 1810
3665 259
3666 1857
3667 3085
3668 2347
3669 2600
3670 2074
3671 2504
3672 3562
3673 1005
3674 4944
3675 4159
3676 3498
3677 4868
3678 157
3679 2585
3680 2917
3681 3652
3682 671
3683 3184
3684 2957
3685 2856
3686 879
3687 2079
3688 705
3689 3029
3690 4618
3691 1702
3692 2522
3693 1194
3694 2178
3695 4332
3696 1453
3697 4035
3698 2417
3699 153
3700 2987
3701 843
3702 2657
3703 1549
3704 3200
3705 2601
3706 708
3707 1698
3708 3822
3709 2217
3710 636
3711 1739
3712 2221
3713 2659
3714 4923
3715 179
3716 1868
3717 2155
3718 3610
3719 2573
3720 184
3721 3228
3722 4275
3723 2706
3724 774
3725 1453
3726 2038
3727 3579
3728 1840
3729 807
3730 3732
3731 4827
3732 3002
3733 2742
3734 2728
3735 1202
3736 1695
3737 4788
3738 4252
3739 517
3740 2006
3741 4888
3742 3608
3743 4227
3744 2548
3745 3532
3746 4406
3747 4416
3748 2039
3749 3016
3750 1989
3751 2223
3752 2596
3753 1265
3754 1281
3755 4722
3756 4070
3757 4671
3758 3302
3759 911
3760 478
3761 3386
3762 2090
3763 3480
3764 1128
3765 4819
3766 4682
3767 4176
3768 4607
3769 286
3770 4693
3771 1613
3772 175
3773 3302
3774 841
3775 2723
3776 3186
3777 1599
3778 3491
3779 1577
3780 968
3781 480
3782 3800
3783 4916
3784 3097
3785 1433
3786 4639
3787 3520
3788 1104
3789 4293
3790 783
3791 1582
3792 2679
3793 2873
3794 1414
3795 3808
3796 2692
3797 2448
3798 2984
3799 2300
3800 2734
3801 4029
3802 265
3803 2909
3804 3683
3805 2458
3806 1984
3807 3221
3808 4058
3809 475
3810 4798
3811 1378
3812 2308
3813 4950
3814 1294
3815 1757
3816 1383
3817 933
3818 1629
3819 2487
3820 226
3821 2412
3822 421
3823 2906
3824 286
3825 1835
3826 3066
3827 2978
3828 4283
3829 2402
3830 1630
3831 3370
3832 2783
3833 1896
3834 1279
3835 1467
3836 706
3837 4616
3838 1040
3839 4764
3840 1443
3841 839
3842 1142
3843 3751
3844 2141
3845 2437
3846 1861
3847 3525
3848 4722
3849 3490
3850 2364
3851 4949
3852 903
3853 4138
3854 4207
3855 1189
3856 2325
3857 2273
3858 519
3859 2961
3860 1027
3861 3502
3862 1331
3863 3810
3864 1750
3865 3962
3866 277
3867 2456
3868 3578
3869 1318
3870 2221
3871 22
3872 3509
3873 4715
3874 125
3875 650
3876 3504
3877 1986
3878 527
3879 3227
3880 477
3881 2892
3882 4528
3883 2732
3884 3382
3885 3735
3886 273
3887 707
3888 2360
3889 792
3890 3668
3891 4739
3892 646
3893 4999
3894 3549
3895 2396
3896 3962
3897 179
3898 4853
3899 2540
3900 2849
3901 3426
3902 3914
3903 1358
3904 3141
3905 4040
3906 3360
3907 1646
3908 2378
3909 3888
3910 1225
3911 4207
3912 3132
3913 2105
3914 1939
3915 2866
3916 2192
3917 2212
3918 3573
3919 4552
3920 4357
3921 2242
3922 4291
3923 3
3924 2241
3925 4192
3926 3752
3927 2555
3928 4371
3929 3605
3930 96
3931 2220
3932 2031
3933 362
3934 4930
3935 1524
3936 4402
3937 4643
3938 4522
3939 1781
3940 3531
3941 747
3942 988
3943 3015
3944 2852
3945 4280
3946 881
3947 44
3948 2844
3949 4454
3950 948
3951 2201
3952 3048
3953 1591
3954 3557
3955 290
3956 784
3957 2309
3958 2845
3959 1507
3960 2266
3961 4293
3962 3728
3963 4297
3964 4656
3965 10
3966 821
3967 410
3968 4653
3969 344
3970 3543
3971 4536
3972 2443
3973 884
3974 3903
3975 1648
3976 164
3977 1136
3978 3044
3979 3008
3980 591
3981 3993
3982 1562
3983 4991
3984 1936
3985 119
3986 1633
3987 4072
3988 3780
3989 4479
3990 580
3991 1046
3992 124
3993 660
3994 1695
3995 1132
3996 670
3997 2516
3998 2895
3999 324
4000 4212
4001 1438
4002 1212
4003 3008
4004 2322
4005 116
4006 4656
4007 3838
4008 1252
4009 2700
4010 1847
4011 3195
4012 3045
4013 4761
4014 3187
4015 4982
4016 4880
4017 4820
4018 4054
4019 12
4020 651
4021 986
4022 2410
4023 2128
4024 1646
4025 4105
4026 4612
4027 2317
4028 2973
4029 2507
4030 3993
4031 3538
4032 3946
4033 1557
4034 1546
4035 2620
4036 1673
4037 1202
4038 2811
4039 2926
4040 254
4041 4658
4042 2473
4043 3300
4044 4419
4045 2012
4046 4634
4047 651
4048 1833
4049 40
4050 2015
4051 3836
4052 1027
4053 4425
4054 964
4055 4025
4056 4882
4057 577
4058 2694
4059 2855
4060 3084
4061 1687
4062 1393
4063 3382
4064 3245
4065 2939
4066 2355
4067 1270
4068 493
4069 166
4070 548
4071 748
4072 1176
4073 3022
4074 400
4075 1947
4076 34
4077 1386
4078 3950
4079 3219
4080 1426
4081 965
4082 2056
4083 3805
4084 1742
4085 4372
4086 2831
4087 1624
4088 1301
4089 525
4090 831
4091 738
4092 3565
4093 2225
4094 472
4095 3162
4096 1516
4097 2827
4098 4432
4099 3362
4100 4345
4101 1333
4102 4110
4103 1873
4104 707
4105 862
4106 3820
4107 741
4108 2248
4109 2770
4110 313
4111 26
4112 87
4113 3721
4114 184
4115 1829
4116 3093
4117 3015
4118 4805
4119 4395
4120 4892
4121 637
4122 1485
4123 4809
4124 4214
4125 1957
4126 2971
4127 730
4128 1137
4129 3756
4130 4092
4131 482
4132 1441
4133 4554
4134 2356
4135 2148
4136 1768
4137 2528
4138 4241
4139 4016
4140 1651
4141 4554
4142 395
4143 1738
4144 3275
4145 579
4146 3568
4147 2721
4148 4946
4149 3373
4150 3468
4151 4838
4152 362
4153 4953
4154 1000
4155 4576
4156 1910
4157 323
4158 307
4159 3047
4160 4079
4161 751
4162 4882
4163 1872
4164 1658
4165 3590
4166 4020
4167 3426
4168 1118
4169 3262
4170 3795
4171 2769
4172 4168
4173 542
4174 860
4175 2444
4176 1121
4177 780
4178 165
4179 1067
4180 505
4181 4985
4182 2257
4183 868
4184 4938
4185 3257
4186 444
4187 3200
4188 3581
4189 2103
4190 2600
4191 4012
4192 4207
4193 2482
4194 2237
4195 865
4196 2424
4197 1257
4198 643
4199 3542
4200 871
4201 790
4202 2664
4203 40
4204 1332
4205 4876
4206 2484
4207 3805
4208 656
4209 4001
4210 4872
4211 1161
4212 3986
4213 3482
4214 2029
4215 276
4216 3091
4217 2474
4218 3476
4219 3024
4220 929
4221 1076
4222 3389
4223 136
4224 4910
4225 626
4226 2353
4227 2334
4228 3235
4229 2997
4230 2229
4231 4107
4232 139
4233 1245
4234 4147
4235 1472
4236 1121
4237 1631
4238 277
4239 1777
4240 1984
4241 1502
4242 2938
4243 2322
4244 1336
4245 1320
4246 3950
4247 4427
4248 146
4249 2426
4250 2452
4251 1075
4252 4855
4253 2193
4254 1212
4255 4765
4256 2819
4257 3565
4258 3452
4259 1054
4260 2914
4261 681
4262 161
4263 3054
4264 1926
4265 660
4266 4526
4267 4399
4268 3643
4269 1155
4270 2528
4271 627
4272 4009
4273 1818
4274 4301
4275 345
4276 3138
4277 3251
4278 4773
4279 3284
4280 2030
4281 3577
4282 4360
4283 1885
4284 770
4285 1924
4286 3002
4287 4941
4288 489
4289 2806
4290 2347
4291 3404
4292 4839
4293 2509
4294 2810
4295 3117
4296 4521
4297 3688
4298 2516
4299 3165
4300 1195
4301 44
4302 3792
4303 205
4304 1863
4305 4446
4306 550
4307 1
4308 2697
4309 1675
4310 4638
4311 4727
4312 1604
4313 350
4314 2964
4315 3726
4316 2274
4317 2319
4318 3667
4319 4115
4320 1477
4321 1015
4322 3871
4323 1317
4324 4876
4325 1681
4326 4434
4327 4397
4328 369
4329 1951
4330 2562
4331 1565
4332 3347
4333 2707
4334 3122
4335 210
4336 2153
4337 3672
4338 1564
4339 1202
4340 1700
4341 1202
4342 2282
4343 3304
4344 2904
4345 1598
4346 3383
4347 178
4348 269
4349 2050
4350 4293
4351 1747
4352 4417
4353 3165
4354 3064
4355 645
4356 4846
4357 2498
4358 1395
4359 1568
4360 801
4361 309
4362 4485
4363 4149
4364 4368
4365 2607
4366 711
4367 1521
4368 1279
4369 3627
4370 4076
4371 4331
4372 1181
4373 1358
4374 3988
4375 4085
4376 4308
4377 2371
4378 4263
4379 4578
4380 773
4381 3557
4382 1325
4383 1543
4384 3074
4385 741
4386 3540
4387 2920
4388 4591
4389 4935
4390 840
4391 393
4392 1597
4393 325
4394 894
4395 965
4396 2932
4397 2957
4398 3839
4399 564
4400 1585
4401 2915
4402 4895
4403 2766
4404 625
4405 235
4406 1852
4407 4933
4408 3958
4409 1115
4410 863
4411 4732
4412 1024
4413 3540
4414 2627
4415 4098
4416 4281
4417 1167
4418 3371
4419 3873
4420 2455
4421 4211
4422 618
4423 4052
4424 4537
4425 2864
4426 1369
4427 3821
4428 821
4429 208
4430 4385
4431 2406
4432 4475
4433 633
4434 173
4435 1452
4436 868
4437 2025
4438 2738
4439 4827
4440 4492
4441 3601
4442 911
4443 1869
4444 2142
4445 4890
4446 2319
4447 2775
4448 2409
4449 690
4450 1648
4451 4864
4452 1254
4453 3618
4454 268
4455 2143
4456 1482
4457 2990
4458 964
4459 2304
4460 4550
4461 350
4462 4710
4463 4026
4464 983
4465 1235
4466 1830
4467 3203
4468 4612
4469 4568
4470 4382
4471 4105
4472 4522
4473 293
4474 2326
4475 3016
4476 1535
4477 4645
4478 791
4479 3945
4480 1688
4481 2440
4482 161
4483 2942
4484 1058
4485 1782
4486 85
4487 2541
4488 4772
4489 1049
4490 1197
4491 4322
4492 2751
4493 907
4494 4700
4495 86
4496 2143
4497 1531
4498 3290
4499 1755
4500 2451
4501 4024
4502 2212
4503 1973
4504 670
4505 890
4506 4989
4507 2205
4508 536
4509 781
4510 1150
4511 2224
4512 4573
4513 1312
4514 166
4515 1983
4516 3094
4517 1603
4518 876
4519 4218
4520 4004
4521 2073
4522 3540
4523 3108
4524 4333
4525 3241
4526 3194
4527 1476
4528 1124
4529 2836
4530 4583
4531 3575
4532 1861
4533 3148
4534 1901
4535 2531
4536 4038
4537 3242
4538 4736
4539 4574
4540 375
4541 2239
4542 3150
4543 4948
4544 4903
4545 4668
4546 1932
4547 4349
4548 1271
4549 2808
4550 3567
4551 1628
4552 1234
4553 3459
4554 4736
4555 567
4556 3052
4557 2930
4558 3395
4559 4176
4560 767
4561 2978
4562 4104
4563 3980
4564 2478
4565 1005
4566 1511
4567 1517
4568 599
4569 2599
4570 2443
4571 975
4572 4838
4573 594
4574 923
4575 1093
4576 1614
4577 4207
4578 442
4579 2886
4580 3368
4581 361
4582 4514
4583 4602
4584 3821
4585 602
4586 1521
4587 3225
4588 3532
4589 4916
4590 2402
4591 651
4592 4246
4593 2858
4594 4631
4595 1725
4596 3863
4597 2494
4598 4594
4599 814
4600 94
4601 2037
4602 1789
4603 1284
4604 3983
4605 2713
4606 3730
4607 598
4608 3272
4609 524
4610 4836
4611 1640
4612 886
4613 702
4614 2594
4615 1059
4616 1304
4617 4115
4618 4284
4619 4836
4620 383
4621 3038
4622 1840
4623 4630
4624 896
4625 2823
4626 1355
4627 1111
4628 318
4629 2301
4630 1926
4631 1764
4632 4338
4633 3715
4634 4400
4635 4674
4636 2780
4637 3130
4638 272
4639 1053
4640 3655
4641 1460
4642 4045
4643 893
4644 2162
4645 1640
4646 3304
4647 3466
4648 2107
4649 3940
4650 4654
4651 2491
4652 1979
4653 1494
4654 2121
4655 4227
4656 670
4657 4828
4658 339
4659 988
4660 2129
4661 3617
4662 4104
4663 2819
4664 3684
4665 3504
4666 2493
4667 1465
4668 1635
4669 4117
4670 3870
4671 1642
4672 577
4673 2915
4674 3887
4675 2739
4676 907
4677 2191
4678 2557
4679 4367
4680 2483
4681 2212
4682 1858
4683 814
4684 58
4685 331
4686 42
4687 728
4688 1511
4689 1733
4690 1716
4691 3640
4692 350
4693 820
4694 2811
4695 386
4696 677
4697 305
4698 1851
4699 2312
4700 774
4701 721
4702 306
4703 1352
4704 4989
4705 4193
4706 443
4707 2248
4708 2736
4709 3001
4710 1615
4711 219
4712 213
4713 4825
4714 1034
4715 271
4716 156
4717 2428
4718 2352
4719 1667
4720 4161
4721 420
4722 1659
4723 863
4724 1241
4725 4471
4726 1249
4727 3270
4728 1128
4729 4453
4730 1934
4731 1902
4732 1526
4733 2240
4734 3254
4735 1515
4736 2785
4737 50
4738 3764
4739 521
4740 3051
4741 1731
4742 2092
4743 4616
4744 1557
4745 3126
4746 4887
4747 3065
4748 554
4749 3591
4750 4733
4751 1067
4752 4012
4753 2744
4754 1930
4755 1605
4756 3567
4757 4532
4758 4875
4759 4695
4760 3985
4761 1809
4762 1598
4763 511
4764 4049
4765 1204
4766 3379
4767 3186
4768 2606
4769 3495
4770 3707
4771 657
4772 226
4773 799
4774 273
4775 1783
4776 278
4777 1513
4778 4849
4779 2184
4780 104
4781 934
4782 3252
4783 4116
4784 3678
4785 1534
4786 721
4787 2246
4788 1066
4789 1948
4790 3293
4791 1403
4792 3757
4793 1243
4794 1915
4795 4158
4796 3800
4797 294
4798 2344
4799 1406
4800 3789
4801 2403
4802 2064
4803 367
4804 4555
4805 3689
4806 2151
4807 4833
4808 202
4809 3352
4810 3369
4811 307
4812 638
4813 1621
4814 775
4815 668
4816 3156
4817 2849
4818 4266
4819 574
4820 4797
4821 2560
4822 1978
4823 4907
4824 155
4825 245
4826 4065
4827 3955
4828 539
4829 2762
4830 362
4831 680
4832 165
4833 3778
4834 1047
4835 4720
4836 2467
4837 4550
4838 905
4839 2670
4840 4254
4841 4275
4842 4329
4843 1244
4844 2248
4845 1456
4846 1913
4847 1756
4848 657
4849 1179
4850 2331
4851 1807
4852 91
4853 661
4854 1714
4855 247
4856 906
4857 2131
4858 4202
4859 2797
4860 4893
4861 916
4862 3477
4863 1411
4864 4694
4865 876
4866 1131
4867 3514
4868 1779
4869 3389
4870 2536
4871 2385
4872 2664
4873 3217
4874 3630
4875 4912
4876 4673
4877 543
4878 1669
4879 331
4880 3074
4881 352
4882 2138
4883 3166
4884 1013
4885 204
4886 4765
4887 3271
4888 2335
4889 319
4890 1068
4891 3581
4892 1236
4893 897
4894 4992
4895 2282
4896 1773
4897 2475
4898 796
4899 4904
4900 2216
4901 3332
4902 2290
4903 4880
4904 1549
4905 2272
4906 1145
4907 2575
4908 4167
4909 4166
4910 4258
4911 2241
4912 870
4913 2748
4914 1759
4915 1883
4916 2952
4917 1524
4918 154
4919 1639
4920 1844
4921 2574
4922 1572
4923 3080
4924 3471
4925 2916
4926 1714
4927 1596
4928 1744
4929 2511
4930 2853
4931 3960
4932 2195
4933 1495
4934 193
4935 97
4936 3767
4937 1338
4938 4024
4939 2934
4940 1856
4941 3282
4942 175
4943 2726
4944 1030
4945 1935
4946 961
4947 334
4948 4811
4949 2467
4950 3325
4951 1655
4952 41
4953 4898
4954 1087
4955 3512
4956 4166
4957 2802
4958 1460
4959 910
4960 1665
4961 4313
4962 4871
4963 212
4964 808
4965 64
4966 1661
4967 4575
4968 2754
4969 685
4970 3861
4971 4610
4972 3967
4973 4037
4974 2336
4975 4997
4976 2324
4977 3297
4978 1683
4979 2135
4980 2116
4981 9
4982 143
4983 2157
4984 1259
4985 2582
4986 2021
4987 425
4988 384
4989 3481
4990 2688
4991 3401
4992 4147
4993 2559
4994 4966
4995 4955
4996 3975
4997 1627
4998 883
4999 1729
4744 2691
27 2630
4676 4313
1792 674
1933 22
1759 2155
160 1302
1754 3493
3237 57
3371 1436
2180 2464
4477 608
3269 909
3292 4583
1738 1769
4393 3431
4068 2500
3733 2843
300 1989
295 2818
2316 1088
732 3251
2135 1341
4444 2737
1944 3233
4863 3319
4873 1134
2935 2079
4023 747
1107 3998
4644 1074
3812 4580
3397 4627
1716 3870
4844 3743
4960 768
2847 2095
4816 729
531 3971
4656 3616
524 2906
2534 43
47 3146
3397 2394
1845 2016
2746 2655
1941 4552
2301 1527
4433 1241
1284 1440
2115 4626
2162 2773
1309 3757
19 1770
4027 1667
968 1219
4098 4891
2416 1041
883 667
4358 67
729 3189
2076 3780
4230 871
4114 2003
1137 4301
1804 2507
1597 555
1556 1265
1995 3323
884 3419
1877 3894
4361 4977
4383 2101
1161 2415
2711 4685
814 569
994 233
2949 4841
784 4260
1602 3155
1388 694
1398 2421
3199 1653
3239 1310
3719 1771
1624 4748
4579 2903
4949 508
3830 752
4413 4842
4959 3081
1095 3064
3287 2200
1264 3300
1203 4789
4143 2787
4896 2203
225 2926
270 1265
2330 3712
1599 1999
4674 3263
4202 4106
4037 2939
1241 3751
1746 4932
4106 203
2533 1842
484 194
3457 2100
3916 82
1518 1128
556 420
4171 3748
4500 495
2718 4601
4043 115
1788 1819
1451 487
1871 1767
1895 2363
3316 255
3886 3726
2142 853
4155 1519
154 3259
3928 2633
535 798
3007 2778
2648 2302
159 6
2150 4162
1540 1077
1313 2583
4333 1453
1966 4990
3766 841
4280 1464
3281 118
3854 1942
1644 3825
2721 2683
1657 3448
2497 4452
1614 4571
3756 4370
2651 4050
1091 527
4386 2518
1050 3253
4910 694
724 187
2612 536
1978 2215
1349 2499
2796 3429
2182 2300
1745 3350
3759 4686
1226 945
2112 2421
1827 3198
4729 1670
4511 381
1811 3272
1513 2120
2110 879
4132 363
77 1375
3488 1161
4168 922
4120 4453
2142 1467
662 1103
1603 2616
3860 210
1640 4590
4551 3078
3626 3598
214 945
4667 3022
3149 3417
1104 2385
3993 2111
3674 3557
1820 1217
483 4843
1420 1409
2428 1495
4915 3809
4416 3579
865 4428
1422 3102
3416 1977
4633 4554
816 2237
1017 697
932 858
868 2221
3086 4830
2932 2199
3685 83
865 2164
4454 1366
3415 3047
4456 3711
1677 465
1919 1977
470 3579
998 2742
1301 3181
2316 48
2084 4448
1358 1331
1421 4083
1887 1281
3534 3200
1745 1021
414 3454
4404 148
3073 196
996 609
2328 2280
1981 3879
1944 528
3317 3625
3095 1904
3851 2052
1316 4785
1925 4004
557 4645
3524 3733
938 2330
3303 2796
2333 344
2800 4461
2393 4603
4303 4248
3194 4124
1415 976
585 574
3381 4812
2921 3497
1447 4681
3652 4814
4117 1296
420 1085
3413 1120
3987 1997
1314 75
2875 4682
176 2442
2621 2446
3317 2675
114 3489
3388 4573
1853 1455
3280 1456
1138 3588
1878 288
3939 4957
3766 923
3607 3661
4586 190
4285 2846
770 2110
3842 3906
2782 216
827 1507
3503 4386
2710 23
2513 96
4878 1776
2035 2051
2251 2555
4742 3382
765 280
4828 304
955 4169
2373 3805
582 1719
1873 2950
2277 1671
4526 1403
1145 2971
2039 2758
3672 4141
328 1318
2239 2817
3070 4751
1624 4324
254 995
935 521
523 802
1655 646
2940 471
3774 3783
1501 842
825 1371
3173 1053
3424 4100
398 4409
2638 3842
1099 3968
2671 1446
394 2889
268 866
3170 3067
4596 1866
1929 856
4974 1956
4916 4567
1661 394
4016 3287
757 4348
4530 3118
1403 431
469 3998
1073 4736
3297 1341
3691 2366
1758 3812
4513 2486
1326 3394
3542 2801
1682 1728
1784 4153
3803 3105
4255 4258
4423 3993
3936 1479
1078 3496
825 2000
3626 4610
1338 1662
1844 3426
1531 95
4707 4350
1715 4527
360 3741
3856 860
345 1819
1874 1803
300 3857
3952 550
3010 670
3579 272
3146 1601
4820 1584
3236 1971
924 4132
2802 3971
2525 3383
2108 3243
61 3554
20 3374
3134 2251
106 2185
2382 1317
2960 2455
1261 3774
232 3737
4590 2748
3132 4272
2619 2875
1413 337
2730 4158
1538 2771
3616 4050
3583 4992
2935 3798
3815 4631
3311 3213
2434 246
4325 214
1509 3798
1441 3708
4450 3610
3887 2897
4172 4803
786 3153
3228 3026
1941 3040
2052 1347
4285 2914
3217 2326
3284 1665
2789 1508
1015 980
1990 2566
3497 1852
4380 212
3950 3890
3463 1375
1649 2190
2442 2386
1150 1609
4959 955
2525 98
2156 2248
1764 1258
350 3165
1581 1554
1011 535
4750 3537
1359 3813
195 1218
3375 4372
2095 2307
4706 1044
2871 948
3168 3038
2117 4277
2860 3965
3067 157
1806 2253
1959 1516
2092 3339
4937 1507
1843 4425
54 2672
2001 1884
2315 4898
3824 3063
1077 3536
4388 1404
1923 3869
1927 1769
2546 1831
279 953
1448 2759
1363 1583
4437 4013
4820 4753
4717 1676
1707 3290
1411 4650
2833 3250
3689 3529
2616 1663
3 3815
890 281
3918 3844
3948 2751
4213 3930
3191 1473
1421 1146
799 3270
758 4858
2011 1919
452 587
734 3372
2901 3684
2950 777
1871 3331
4178 2683
4602 3084
1434 3721
3239 660
384 2550
1582 451
3386 4665
3909 489
1791 240
2557 3664
1961 748
2345 3299
102 768
1120 160
2559 3404
3798 3028
3268 3304
2178 1969
2284 224
3805 2424
4138 3758
258 3918
3173 2080
2410 1433
1790 3859
1411 2164
485 2251
2061 3682
1106 646
3809 1137
178 2747
1549 2272
1831 201
3264 1929
640 4732
3335 4095
2058 405
4056 4262
193 1877
4293 4763
1565 4728
3456 4165
4294 4551
378 1421
516 296
2574 2054
1316 2547
2469 4309
389 36
4201 2202
1842 2848
4578 143
4643 2012
3921 2252
919 2459
1306 4201
3366 2218
3496 2436
3140 4448
1218 386
3559 4308
4800 2758
3677 2913
1336 2114
2500 1513
83 3236
1023 1236
1469 2774
584 344
256 3954
1741 4954
3420 1097
2810 1853
1455 1750
2039 3447
2674 55
4261 1463
4949 330
4397 3354
4656 4841
2831 2426
1808 981
4910 2444
1257 3211
4855 3773
11 2134
1857 122
2052 2217
2217 4256
3043 890
1974 746
2599 3012
4486 1261
801 3313
4144 150
212 1198
2078 4053
732 4119
1184 1707
4370 659
2260 116
4873 2439
3331 1895
3481 4149
1387 4972
2585 2722
74 337
2045 1319
2704 1628
4172 2775
1611 3371
3423 2120
2092 883
3091 2385
2722 2550
3869 2757
1849 3351
4624 3818
3824 3604
3380 4438
895 2882
4049 4002
4380 4332
800 1841
424 2011
1124 2187
805 762
1800 1163
887 3949
2162 1991
1494 941
1001 3093
4134 994
27 4430
1827 1946
588 4909
3931 1485
1225 1550
4318 4809
540 78
1534 2535
2322 2395
990 4557
3448 1692
774 2110
2020 376
1279 4223
4536 4894
3009 1969
4291 3929
3407 3286
3478 4061
4444 1776
1172 4774
760 2647
737 3291
1903 1277
1582 4684
4514 983
3958 4111
237 407
587 4877
831 563
3490 4157
3800 2561
1197 417
1767 4722
4102 213
3910 2421
2708 390
1221 1109
2731 1358
3241 123
4036 4673
233 90
2992 1275
335 2212
4374 4785
3027 2755
3538 4619
3559 2124
1475 4579
3977 2950
252 4772
3336 3519
4474 188
3343 3215
453 2717
2308 1255
1379 3543
4435 4780
4079 4602
3198 1911
1664 2367
4172 735
3343 3574
310 4578
4331 4013
2329 2751
1931 2613
4824 2163
1222 275
561 301
4677 1375
954 1704
3425 2999
3419 1106
876 136
4080 2183
265 2823
3938 3303
642 3973
3324 689
712 1627
2201 4366
4384 3365
992 4724
2610 3900
4251 2838
3198 3480
2649 505
2255 4230
4320 2209
1576 3982
1293 2714
1384 3706
2668 1780
1919 4618
4450 1838
839 1791
4447 2373
4583 2170
2504 249
4932 3008
1712 1523
1330 389
324 482
3468 3729
2643 3985
625 639
2536 4278
4211 1696
923 3219
1339 1220
1301 3176
129 110
3900 482
2129 1519
2087 1479
2826 18
4433 1700
2786 1996
2915 2106
35 2238
3555 2165
4037 3371
1630 1852
3940 3149
3516 3849
3725 1951
235 1987
3586 2817
589 1188
2260 91
409 4577
1281 3690
1696 4189
261 4266
2285 4501
2610 150
3882 2814
2494 2905
3834 2540
2525 2668
1114 4364
4626 475
4976 2176
3679 3230
1971 3504
853 2670
1927 4420
761 1960
752 345
1843 1456
4985 2100
186 1343
4208 4835
4255 143
1535 2196
2287 2541
1779 3864
4573 3254
3584 2630
4417 4330
4415 3453
3089 249
3103 4316
3904 3092
1347 2742
1724 4642
4060 2088
2370 3906
823 2620
4140 852
2214 3955
504 4120
4948 4519
3613 4224
338 3867
2387 4279
4597 1649
2574 2472
1182 4089
4941 3986
3897 1411
4369 2741
3888 251
2502 4476
313 1579
830 102
189 2637
79 2815
4689 2160
2988 1604
2683 1917
3712 1843
783 1083
2950 1854
2503 1933
2801 2733
3793 2422
3125 4613
4730 2348
3015 877
1210 861
859 2997
3146 21
2504 4952
2753 4245
1293 2106
4349 39
559 2253
916 1623
4850 4030
1362 3311
4925 3969
2385 4993
31 3451
4193 4908
3855 1485
3087 891
907 4560
4224 922
157 4773
365 349
4582 2453
4417 4142
1661 3036
4078 295
4756 2988
2638 376
4148 1502
566 2658
932 3008
4593 3942
4048 3956
1992 1142
3639 3624
3158 3380
2371 1382
2884 2550
1895 3055
1255 3880
1549 3510
4262 2558
3835 3267
4977 3055
1072 578
2078 1253
62 3575
2612 2013
4086 2199
753 3748
882 3011
3198 1587
4642 4816
394 517
1648 2574
1656 674
4953 4800
1589 2911
2908 2461
1657 1988
1473 2820
3434 2252
4945 585
4889 2643
594 584
4620 3493
1502 2153
4973 4163
4663 1983
1927 113
1693 4900
3677 2287
3257 4265
2133 583
4286 2423
1586 4360
4921 423
3065 1599
4310 276
890 4400
14 2990
4119 2299
4723 30
742 3347
1166 3254
4853 3905
130 3831
2383 168
4510 1586
2057 1413
1814 2488
150 1530
2696 2840
1927 2694
4176 2143
196 1726
1326 4700
2913 166
4970 2931
420 3960
3962 1007
1803 4062
849 2374
4517 3207
2595 510
1562 870
3157 1011
1294 2783
2669 984
4774 27
3661 4369
235 1964
3525 886
747 4072
1736 3581
4526 3076
583 745
2021 2422
2010 2275
1644 4579
668 784
4671 2883
1754 4620
3497 1870
1298 4330
3564 2606
1381 3385
3656 3738
1652 4669
1613 338
3812 1361
84 3116
1289 2965
3721 3692
3051 2
3961 1188
342 4574
2002 4333
3616 1023
1667 3864
4536 153
3875 4862
4045 2503
4971 1355
4635 1179
670 1837
1614 2906
798 3008
4879 2483
3470 2187
2438 2771
3782 1774
2511 2444
2650 4077
1188 3998
4095 2198
4881 1205
845 2363
3617 584
3130 1111
3864 1909
4293 4458
1842 616
1191 1970
3840 1851
3344 253
2190 3110
536 3835
866 3122
691 4964
4430 1155
1891 1348
557 3846
1602 2190
1855 4390
3263 4710
210 1599
1429 4630
903 2897
2219 1781
4727 2634
1075 3043
4990 4443
1908 319
3835 4935
145 595
1844 2024
4410 4279
2667 1498
3672 1285
2038 1601
3709 3183
3353 142
3338 1150
1643 415
2681 3474
2706 4759
774 237
184 158
1786 1987
1321 2652
4852 2357
2626 1088
1408 557
4562 2761
1688 4351
3352 10
2183 2683
1010 2535
299 1344
1478 4104
2508 1634
1462 99
4608 1514
2457 49
2958 2411
95 2782
4423 1650
4811 3515
4585 4263
1048 4362
735 322
1784 2780
2090 4509
957 920
3748 343
1996 3317
2326 4547
3085 1532
2268 3619
2965 1756
63 3625
3173 529
2605 630
38 2626
1375 4321
1143 3454
2848 4958
813 1714
4996 1800
3170 3682
4312 3221
3290 2270
1261 1393
3296 1720
4568 2364
4078 3317
4417 3313
4224 2835
1715 4962
4936 2128
329 3641
1397 3289
3803 2209
1167 3091
2760 733
1591 261
2772 3452
3445 1404
4171 1005
3524 4739
1473 2500
3840 4926
187 4558
1763 1012
467 2216
2020 3193
466 4597
3553 120
201 4331
4940 315
3792 3384
70 2948
3373 4871
3439 3187
2278 2329
831 2449
2571 2324
1832 4025
1132 955
4990 2974
1213 4677
4216 1148
1948 1330
4277 463
3310 4859
1003 3103
1380 643
2336 4792
179 1339
1184 555
2503 3862
22 1211
730 3357
4738 4065
3426 3858
88 1173
2879 4687
1880 3543
977 1675
2886 802
1804 1003
162 4425
809 4678
2324 1118
3898 1079
1063 2459
4811 3043
1847 3352
3460 3627
4712 3470
742 2171
1860 3398
829 758
646 2241
1052 2982
863 1025
3136 3264
3402 238
3636 3991
1101 1719
4694 4545
747 2527
1764 2025
289 4403
3533 4879
1826 4697
2643 799
1845 1869
558 1907
1925 4339
1811 570
3411 3442
249 2797
2075 3846
1065 1529
2934 1513
3683 3423
2098 330
2256 4965
1888 3905
4079 831
4861 1458
1658 2831
1704 2169
3387 2795
4112 4785
2907 3027
533 4544
220 1621
90 769
3100 3601
2122 3835
4761 2891
4546 1657
4253 417
460 4165
602 2842
1845 2295
4804 1686
2135 4943
2205 1487
4485 3123
2 4303
2332 703
2934 4897
3544 2576
2828 3991
862 1943
4148 815
3938 2296
4593 4151
106 3101
27 929
3285 3143
2980 1627
4288 4304
992 934
2909 3672
2401 1081
1463 3467
4785 2586
3285 3867
2949 3659
4262 1003
3473 264
2666 3913
1526 3095
413 4558
3102 840
2680 2729
1626 2228
1490 266
4964 530
2739 4548
3462 2840
3080 426
4996 501
2189 3791
1270 1717
2897 297
2748 1788
407 3104
3974 302
49 505
4241 266
543 2396
311 4038
2053 105
1818 1874
4922 1300
3469 274
1675 2671
4833 739
1850 236
341 4883
4547 1701
4160 2976
1023 1445
772 2413
1715 3330
57 1617
4148 177
2350 413
2605 2107
3006 4334
1459 3500
2232 2265
1947 1447
4135 3857
1986 799
4592 2906
3135 912
4489 782
3603 324
3455 4407
721 703
2637 4877
3911 3167
156 204
4778 4691
4180 2016
2784 3692
4451 4849
2333 3656
4918 2646
198 4919
1385 3522
355 4652
4738 2311
145 1447
4038 805
960 1343
2505 4886
1769 3291
209 4998
4291 2840
4337 2097
318 2488
72 195
1041 1719
1007 4655
2913 1965
1204 4063
2165 2563
3214 3799
2106 1012
2571 4864
1411 3921
2396 4137
4641 2050
3656 4607
1796 360
3970 3510
1541 4726
537 1137
573 619
1109 2557
3159 424
2766 3706
0 1641
2714 3505
2091 2475
1972 4017
2196 4554
1479 4800
801 909
87 3187
3291 4467
4643 2460
965 956
4793 2921
3810 965
4716 3793
3593 3363
305 904
3929 589
2742 794
1750 4701
2475 3662
2278 2079
2857 805
2319 4852
789 342
4690 402
743 254
3218 3917
3367 4999
2530 2277
1408 4256
1909 3403
3918 2700
712 3490
4532 3426
275 32
4811 4565
3351 2095
3186 3875
1637 2183
3070 1101
3165 3938
2817 3470
3158 97
239 2727
4471 2752
2657 2979
599 968
1380 3973
2408 2652
324 2595
482 2763
1926 3485
20 2431
1936 1225
3370 3958
1268 160
4164 2145
1760 1609
1568 1614
2442 4827
1816 2716
4854 1477
2625 4847
3018 2467
3642 2496
4202 472
2607 3392
4199 2723
1438 2772
506 52
1083 3884
2313 1897
4036 2588
4137 1547
853 747
11 1125
3897 1856
302 1250
1560 2121
1866 3699
4632 4702
122 1250
3349 21
4724 232
4212 3383
2082 2874
2678 4989
2983 3784
1336 1111
3449 1469
4940 2545
4739 3923
2555 1861
244 4604
3513 1356
3511 3721
805 57
4151 4119
4517 2874
4655 302
577 2271
1091 3928
4002 2516
135 911
2884 4735
2609 2016
2496 2526
1827 1323
4609 2034
2989 652
4749 1063
740 3650
2196 2980
634 1790
3114 1472
2723 3506
4692 1495
2826 2596
1846 4622
3527 1715
4169 824
3502 660
361 1295
1460 4004
1643 3079
69 17
2666 4918
3116 4018
344 3517
3399 2019
3732 1217
975 2677
3339 673
1853 2299
4249 4648
4997 3275
4015 4112
1101 4456
362 4207
1501 2799
1544 1893
3372 2141
1789 2125
4735 2985
1692 438
815 801
4955 2241
2754 795
2689 4730
2847 491
4988 4476
3038 899
2814 469
2365 2562
2320 4803
599 4870
2487 1443
3828 919
3310 2521
1561 4732
2294 3898
3866 2527
2623 4848
319 1275
3353 2800
2154 1639
467 3504
129 2377
690 3938
383 2585
545 2780
4425 4185
3098 1275
4058 3957
2050 2894
3869 2750
127 73
417 2938
3002 1053
4099 1320
3372 4418
1624 2029
3229 2439
3341 4489
2208 3359
500 3710
4751 933
2528 288
2422 1655
1027 4513
2894 349
333 3742
29 4134
2995 3220
2282 346
2377 2345
4468 1136
1469 55
1292 1436
826 1855
4070 4141
784 1646
4474 2077
3517 1979
3128 2799
4441 2204
4021 2284
4139 3155
2517 40
1686 4216
3763 3720
601 169
1983 443
1063 4939
202 2636
3357 4258
984 4910
1099 3630
2728 583
2659 3830
412 2058
2482 3207
3753 2390
632 3374
825 3846
1243 2089
1691 4436
3455 1494
70 4988
3239 3823
563 4513
1855 2680
4846 3506
497 3412
328 4655
341 2698
2332 2506
4888 3928
1583 3519
2211 1364
3912 3902
761 2314
3321 3039
1020 2876
4878 4207
3806 1879
3677 3373
4665 1783
707 942
3798 3591
2582 762
4897 3158
2720 3194
3223 2014
149 380
4649 2439
4000 3267
3943 1587
2349 4299
2246 2457
3611 1846
1392 2399
2890 2505
2062 4330
2508 1357
4668 2883
2734 2837
1083 1448
4841 483
3592 1529
3005 4419
4463 2187
145 0
4095 2508
984 3528
1625 1983
2600 3176
1769 575
1126 4994
1398 388
104 4938
551 2446
2326 4810
4822 710
2799 2693
869 1483
2638 2058
3405 2813
145 2772
4340 4228
4757 4779
2753 2666
3479 2338
3704 138
1889 3188
2143 1444
3640 568
4796 3952
2789 492
305 4407
777 486
3270 2375
3598 984
832 4706
3805 70
1544 997
1663 76
4071 2012
789 700
1532 3242
2357 3517
1533 4058
956 3798
2036 1594
1082 4112
3223 1165
3026 4049
1598 1406
3824 3032
4761 340
840 2202
4866 2861
295 2786
4839 1545
3855 3143
2739 993
377 364
4846 669
922 3556
3124 129
2337 3803
3984 2942
2503 3245
400 2598
3358 1537
2618 1106
3335 2304
3226 4058
4188 922
4255 377
3006 4232
1597 984
395 879
1933 3119
2392 3515
4697 2666
3076 328
2960 1857
4864 4332
1668 4314
2547 3505
176 2756
3181 1881
4091 4804
3135 754
2958 3016
3642 2848
310 2162
2020 3556
1811 84
3995 1479
2607 2033
3379 168
401 3026
3992 583
3201 3955
4428 766
3412 4762
888 2671
4191 3288
844 1652
64 2380
3484 4665
419 3068
1209 141
1255 1001
3245 4120
917 2623
4076 30
729 2287
3109 1875
4127 454
3547 3587
4927 4796
769 3253
3879 3812
2297 1610
2487 3477
941 1514
2793 3666
198 787
4957 810
1491 2861
869 3111
1588 2996
1871 290
742 1737
1548 4585
30 3332
1720 1174
4018 4269
3732 3504
3142 517
4879 204
650 2351
3008 4191
2692 4348
218 756
934 4124
4438 72
2290 48
1785 566
4770 4486
2511 1822
1896 2041
159 1150
1621 1940
2367 144
1693 2004
823 2033
2786 1039
3002 3668
2444 4952
4530 863
17 3482
1940 1001
3633 4357
3393 4806
2197 699
1038 2640
4835 3944
2862 3474
1450 4443
3390 444
4801 4828
2544 4573
2539 3749
3405 3857
2397 3642
2859 430
1391 2021
834 2520
1278 4846
1027 4394
3627 1776
1985 4430
646 2124
4644 4129
2575 4654
1067 2763
2395 4716
1774 2421
535 1252
2370 1481
387 408
3629 4819
366 4440
4481 4807
1262 4378
1344 4280
4812 1167
4062 3681
1788 1033
4158 3867
4275 4036
446 3177
4886 3386
2343 1276
1721 599
4141 1582
1140 3370
3880 1159
1787 2738
915 3253
4349 2960
2422 3559
4776 303
4650 4444
4557 584
497 756
1657 4458
2029 4463
1469 3016
818 2328
2239 1785
2542 190
3338 177
1238 426
1179 3435
2249 3231
328 260
762 4970
2133 2140
1733 3301
2196 8
2755 3513
4533 896
2555 2551
1627 3601
2949 2334
3396 1443
3050 1261
2104 3484
1998 3285
3712 1984
1263 110
427 1737
2480 3771
3173 4172
4771 3145
3255 3656
1605 3293
852 3237
2946 175
2453 2074
2568 4554
1885 4650
2869 1097
4334 2536
1422 2858
4958 3244
1670 3402
2577 3466
3360 608
4624 3412
3844 73
1619 4283
4568 593
4381 4357
4135 688
2498 4723
311 1708
4929 2290
1136 194
56 390
2009 2231
3611 2311
399 3073
3384 4986
655 4915
1339 3902
425 4910
285 605
3215 1134
1909 1428
2485 3052
1208 59
1399 1694
4284 3472
2560 1846
4609 3765
644 4606
665 4452
853 1937
2378 4497
171 4423
2850 2368
1188 4929
2672 479
2282 4244
1331 1240
3735 2913
753 3717
1932 336
1859 2279
77 130
3118 1318
1697 2624
395 1931
2769 2754
4443 512
2731 2922
208 4582
3559 750
3867 4769
411 3701
2709 3837
1615 2366
3108 1814
1725 2944
4261 1207
2060 1135
2249 1448
3460 4415
1042 113
416 3014
1934 2474
4128 1544
2072 548
1138 1161
354 4075
2842 3956
4558 57
2369 4536
3363 4598
4907 1535
1807 4064
2969 2801
3406 3155
2256 2349
4706 2991
617 4400
2569 923
1290 1811
1945 174
1728 1433
2019 1985
968 2975
3657 4283
1444 173
1464 3155
4682 3064
1018 2778
1115 1918
2054 2887
2374 2463
586 876
1761 3692
3406 2101
2822 4943
1309 1878
4579 1087
2466 3272
2496 1435
2311 1672
2827 954
3473 3277
3662 2857
1559 3228
1397 1582
4791 4865
3766 4791
2954 4849
4922 170
3200 2369
1057 655
2732 3566
690 4964
4380 4730
4521 2611
2336 1377
4580 2299
4503 3821
1190 3755
3557 4196
3684 1555
1908 3999
1944 4931
4434 2855
4841 4045
2242 3615
1249 1696
3251 3067
2536 4975
3271 2588
4306 3374
3216 1557
3800 2931
4158 4485
2237 1291
1885 131
4952 3788
1280 1445
4551 385
4811 819
1368 135
168 4419
3904 452
3474 2779
4957 1316
97 3742
2894 439
3279 4089
2039 3900
4634 4567
4053 1496
1948 2096
3692 1922
3673 3231
4958 3329
1172 2575
855 1874
156 4180
561 2028
4871 3976
4045 3904
4004 2233
2521 2015
2193 2613
1363 3578
2872 4110
1138 1817
4979 1839
4888 3729
1943 289
3808 2482
198 800
2400 3464
383 2491
79 1590
2529 2831
1951 4442
4051 2936
1273 4383
3426 4514
3336 1160
737 976
956 1360
2281 4604
1162 3787
1995 739
1123 2980
4055 2182
1681 608
2376 296
927 2385
510 2840
1197 1474
1068 984
3459 2522
2930 4664
1624 679
1920 2500
658 1650
351 2160
4710 572
1066 4560
60 4004
2542 4227
2206 4245
4112 427
1742 2523
3666 4246
2068 4554
4433 966
673 3508
4975 2248
3447 703
4431 182
4722 3277
104 792
1698 1646
2125 4983
3184 4826
1153 4544
4600 1599
2138 2767
4257 2948
4361 92
2886 3143
3549 2160
3532 1037
4710 3333
4230 4981
2181 4052
4948 2554
2131 2279
3876 1021
817 3809
1764 2341
3404 1606
836 3495
4369 2548
3585 350
1369 4226
3926 1958
4795 2860
3067 3756
4673 2270
2117 3623
1017 2716
3824 786
1136 2947
4645 4375
2956 4639
75 786
4879 4680
1797 3565
1281 4873
2068 2143
2623 1087
395 2250
3036 8
3242 1066
3122 746
4863 2544
3063 2606
2806 1934
1041 4558
3184 4550
3655 3938
4308 2831
55 4238
563 2057
2469 4420
1376 3578
1725 4620
4513 1920
2822 2152
3941 1054
3845 3466
1130 281
1013 3797
4405 3311
3323 3712
1827 2769
2221 3192
4628 2798
2089 1643
539 984
1216 604
2987 4065
3037 4490
90 593
2889 791
884 807
4640 1346
3676 1230
1835 4578
2589 4399
476 783
4382 2772
2013 711
3890 2865
2566 447
163 3634
3113 2804
707 4633
1337 951
4312 1685
4233 1463
4944 1021
1463 4271
680 844
2479 3627
1114 3693
3689 1807
3866 1187
2138 1035
1639 2095
4012 2882
2559 1244
4803 76
3562 1190
1231 2311
502 1177
3543 4877
71 1788
507 722
2316 837
2706 2518
4372 290
4375 2871
3078 3234
3436 3911
3723 3844
2836 1768
4478 1096
319 3267
4613 4499
617 967
4201 990
4676 4110
3458 2384
2175 2460
4727 2459
2891 1309
4 4832
4840 2945
3950 3154
3149 1515
1989 1278
3949 1648
3357 840
711 3733
4574 90
4428 1282
1585 4524
4272 2674
771 1015
3918 1317
4543 4674
147 4111
4319 1535
1140 956
3213 384
4584 694
2906 3134
4150 1655
467 2098
3382 4989
4308 3492
4356 1647
3383 1577
429 212
3118 748
3148 4898
3447 1717
3290 4563
3279 167
3940 11
4630 2828
2629 60
2990 2790
1320 2504
820 2403
3910 35
3541 1555
1566 669
3736 1093
4372 3458
3514 2605
270 3876
133 1844
2464 2002
1374 2038
3906 3749
927 2213
4659 4418
4469 3215
524 951
3299 2436
4829 3172
4626 222
894 3815
996 1678
289 2397
2784 3690
3563 3067
746 1450
1617 3929
3295 1663
3291 3196
2566 1235
3407 4798
1840 3012
4708 1056
4476 3636
1703 1913
3576 2107
2636 4878
832 2691
3419 2620
1969 96
632 3627
2207 3713
1774 1769
3120 630
3266 20
4063 187
3444 3440
3540 1022
4697 1012
1681 4639
4478 3367
3840 1705
3860 2044
3583 2455
895 2315
495 1617
2674 4650
3362 4891
4660 102
2373 3712
958 4339
4765 1649
4086 281
914 4838
3200 2949
2393 2559
4470 3571
62 2071
3787 2135
1474 2981
1500 1522
1956 3994
4995 1353
3740 264
2040 4624
4763 745
4509 3571
371 3046
3246 4191
2753 1147
1823 2942
4785 2937
4716 528
4903 2568
3513 2247
4191 4181
3580 1739
2771 4736
1227 1149
530 3996
3121 252
3595 1371
1748 1477
4839 1990
2883 2656
1095 2483
1763 4825
760 900
1012 2248
1129 844
1912 3575
13 52
573 780
903 2272
852 4035
4002 4933
2603 222
3447 3235
3162 969
1609 855
3909 2015
123 4805
1455 953
2962 1809
1012 2403
3333 4128
705 1887
2837 208
3460 978
3583 784
1932 2778
529 2092
3925 4642
2681 353
1983 4084
4906 3280
2429 3908
2728 2491
3667 233
3011 1302
103 4721
504 439
4620 3600
4963 2099
411 1940
4319 2759
3162 715
3111 4510
3343 4213
311 4638
4466 611
4252 667
291 2393
102 3064
1552 2325
1062 83
649 1245
960 2235
2382 4866
1644 1848
4742 10
3943 1641
2702 2399
3351 4996
3583 1832
4134 3485
4000 3155
1108 4146
2202 509
2291 4450
4339 3418
1172 4880
3064 1225
1550 1049
4705 3869
3292 127
3801 616
1401 4754
3348 929
4574 1171
623 1764
2173 4203
1527 3960
632 4174
2074 2824
1339 4927
1098 3258
1112 3732
2963 905
3685 241
1941 2122
1115 201
3939 4231
1796 1033
1946 315
4834 4530
3566 3303
823 3984
2432 2669
314 1771
3591 4238
4828 1340
1682 4881
1997 1396
1527 4024
1183 967
556 31
2347 4445
2943 1091
2432 2446
4128 1981
2478 3378
3754 462
3060 3059
4443 2247
2747 1749
3038 2286
2161 1070
4261 3579
1243 408
4621 447
4727 909
800 3969
2429 4765
4212 2703
2850 10
3420 2500
4260 1356
3073 1715
938 1703
1620 3444
4638 3820
4171 1701
4682 1973
2644 469
1145 2073
404 2811
2459 783
2026 421
553 624
2359 758
212 2828
681 4266
1429 2310
2537 3997
1701 3332
2471 4258
3191 4859
4550 1423
3554 2105
1558 1595
2987 3906
4255 2690
1957 4376
610 890
434 293
4984 1716
648 1448
475 788
1531 2665
2595 1574
274 665
2700 2574
926 3008
4345 794
587 2320
2036 4089
102 933
4641 3501
1659 1943
10 996
2443 1922
691 2619
692 3206
2694 1594
351 2816
3380 2457
3035 468
625 2170
2146 2861
3153 3952
4582 474
67 181
2523 4913
2732 970
2981 2906
1503 3115
717 944
623 3331
927 3664
2753 4768
110 1188
1635 63
885 1421
1855 406
17 2112
1775 2829
698 4804
2083 4872
3628 4947
1651 1582
3552 2139
4766 32
1145 3101
374 4876
1927 4176
1054 1259
1095 325
2394 3858
2454 2115
4593 3940
711 324
3790 1469
3196 3973
1447 900
907 3306
2851 2588
3228 4316
4173 3256
27 1401
4008 949
3420 1243
2736 4895
1955 1658
4155 4674
4823 2923
2731 2574
2182 3953
4377 2962
1670 2919
1101 2007
3177 339
670 4291
1453 2022
556 3497
2811 4648
4487 1464
2935 3659
4450 2479
3864 3873
3155 843
387 3873
236 1807
624 464
4123 4765
1167 567
4901 1711
4482 575
82 3707
446 719
3879 4770
3039 4028
4492 2969
4653 4481
4643 4984
44 1154
2105 1562
4283 159
3604 3733
2690 1521
1002 1279
4474 4502
162 3483
2669 3875
2247 4315
4352 2229
848 2820
4256 4774
