0 1486
1 2738
2 2084
3 803
4 49
5 4914
6 3366
7 2908
8 4684
9 361
10 3379
11 3804
12 3391
13 3120
14 3998
15 3847
16 3937
17 1595
18 1145
19 332
20 192
21 4238
22 281
23 907
24 3773
25 1645
26 2431
27 612
28 3878
29 1582
30 1268
31 1716
32 673
33 3352
34 2519
35 722
36 4618
37 885
38 4982
39 654
40 1247
41 4713
42 4458
43 990
44 2834
45 3456
46 1189
47 3123
48 1403
49 3686
50 4807
51 1595
52 4277
53 88
54 3855
55 3050
56 1734
57 1286
58 15
59 1964
60 2869
61 2635
62 3680
63 4894
64 2339
65 1199
66 616
67 1957
68 3437
69 1950
70 3963
71 1036
72 1664
73 3421
74 2026
75 850
76 3229
77 4567
78 3973
79 4633
80 4605
81 3780
82 1228
83 3882
84 221
85 83
86 3285
87 3307
88 2722
89 4652
90 271
91 1943
92 2287
93 3951
94 1837
95 4626
96 150
97 3805
98 2935
99 4939
100 755
101 1898
102 975
103 2419
104 1671
105 4353
106 3269
107 4900
108 3920
109 3594
110 885
111 4878
112 2375
113 3466
114 112
115 3948
116 4901
117 3397
118 2255
119 2623
120 3049
121 2526
122 4566
123 1688
124 1477
125 1403
126 1314
127 2979
128 208
129 601
130 2919
131 964
132 2499
133 3894
134 4735
135 522
136 4600
137 3005
138 423
139 3520
140 1599
141 2660
142 4750
143 326
144 1126
145 4863
146 626
147 1028
148 4612
149 2881
150 3651
151 4014
152 407
153 3218
154 702
155 3236
156 973
157 3369
158 1216
159 1182
160 3970
161 487
162 3498
163 2822
164 4381
165 3233
166 3344
167 3981
168 2590
169 119
170 3854
171 542
172 2780
173 4956
174 2220
175 3906
176 4819
177 2847
178 4934
179 4432
180 728
181 4938
182 4798
183 2488
184 3156
185 500
186 724
187 481
188 221
189 3292
190 1663
191 544
192 3779
193 1513
194 3366
195 4513
196 1099
197 3062
198 4846
199 3689
200 3182
201 52
202 583
203 2314
204 9
205 2804
206 1220
207 4828
208 651
209 2507
210 612
211 2731
212 2445
213 1762
214 1571
215 1953
216 2263
217 2296
218 2434
219 3836
220 1940
221 450
222 4380
223 720
224 3315
225 2746
226 233
227 4414
228 2161
229 1431
230 4456
231 1695
232 1484
233 39
234 4009
235 1493
236 4195
237 1581
238 2673
239 4846
240 440
241 4638
242 3930
243 2885
244 1400
245 501
246 1190
247 15
248 4149
249 4977
250 3852
251 1090
252 1779
253 3232
254 3162
255 94
256 2331
257 3395
258 4509
259 4492
260 1178
261 317
262 1187
263 2662
264 1708
265 1548
266 4155
267 904
268 3129
269 1829
270 2102
271 3570
272 1467
273 1032
274 2807
275 4219
276 2886
277 350
278 4235
279 2035
280 327
281 3087
282 3125
283 2106
284 1319
285 1287
286 3552
287 2
288 1034
289 4413
290 4494
291 2213
292 4730
293 2033
294 1227
295 1439
296 4933
297 383
298 2343
299 4415
300 3564
301 4445
302 4337
303 1383
304 1830
305 3496
306 602
307 4716
308 3846
309 4837
310 1751
311 525
312 2924
313 1229
314 3983
315 596
316 3868
317 2536
318 598
319 1255
320 1949
321 1445
322 4820
323 1680
324 4830
325 1047
326 4471
327 4764
328 1430
329 1814
330 531
331 1346
332 2611
333 4868
334 2729
335 4441
336 3364
337 3332
338 509
339 2211
340 4521
341 2261
342 4088
343 3798
344 4842
345 3072
346 4394
347 3710
348 608
349 1344
350 4965
351 3909
352 4141
353 4785
354 1941
355 3972
356 833
357 1412
358 88
359 3615
360 4578
361 619
362 4962
363 3542
364 1839
365 4043
366 4335
367 203
368 2375
369 4845
370 3766
371 3249
372 3458
373 2855
374 2047
375 3300
376 927
377 2793
378 3362
379 2887
380 4137
381 3328
382 3148
383 4631
384 4465
385 90
386 4955
387 1650
388 2854
389 1395
390 1618
391 2433
392 2014
393 1580
394 2327
395 205
396 623
397 1662
398 408
399 4351
400 1507
401 4175
402 2600
403 1317
404 3382
405 999
406 4617
407 661
408 3792
409 2980
410 4900
411 2929
412 2660
413 3048
414 3912
415 3477
416 3138
417 3867
418 128
419 2345
420 262
421 1746
422 1130
423 3628
424 4678
425 3457
426 3833
427 1653
428 119
429 4242
430 2356
431 2979
432 4769
433 1308
434 4296
435 3151
436 2307
437 266
438 3812
439 1099
440 3246
441 3712
442 381
443 2258
444 3112
445 4293
446 735
447 2603
448 3161
449 2215
450 4948
451 4775
452 313
453 1078
454 3404
455 1343
456 4535
457 2237
458 2997
459 1006
460 2831
461 1705
462 337
463 3952
464 3014
465 986
466 2103
467 1673
468 1252
469 2267
470 2773
471 850
472 2331
473 4506
474 3108
475 1796
476 151
477 195
478 4399
479 4664
480 2411
481 4347
482 4440
483 2724
484 1777
485 2844
486 4068
487 1312
488 1433
489 3417
490 3670
491 617
492 1474
493 360
494 4569
495 4488
496 1346
497 3025
498 2514
499 2598
500 1644
501 1639
502 4800
503 328
504 1145
505 2908
506 2124
507 1296
508 3103
509 1523
510 961
511 1866
512 2222
513 1753
514 4591
515 3999
516 949
517 11
518 1663
519 3734
520 4780
521 1685
522 4351
523 1254
524 2045
525 273
526 2095
527 3391
528 4650
529 4609
530 2341
531 1294
532 1248
533 2141
534 2974
535 3745
536 49
537 98
538 1393
539 4505
540 2973
541 3706
542 2723
543 195
544 1811
545 3666
546 4194
547 2760
548 3677
549 2209
550 1495
551 4809
552 3895
553 2198
554 1064
555 940
556 2471
557 3159
558 4332
559 3473
560 4120
561 3025
562 4768
563 1720
564 167
565 4094
566 1817
567 1568
568 4193
569 3210
570 2425
571 2166
572 3269
573 149
574 3714
575 80
576 3815
577 4260
578 4193
579 3845
580 1470
581 688
582 3654
583 365
584 2886
585 4718
586 2657
587 1710
588 4229
589 3341
590 1535
591 3349
592 1367
593 2655
594 69
595 1534
596 1750
597 1886
598 3102
599 943
600 1449
601 528
602 4461
603 4718
604 2029
605 3175
606 1150
607 844
608 2436
609 343
610 4689
611 3906
612 1031
613 3344
614 623
615 270
616 4414
617 3280
618 3332
619 3644
620 2974
621 1219
622 1993
623 4341
624 3875
625 2063
626 875
627 625
628 301
629 329
630 2920
631 1750
632 2209
633 2381
634 1468
635 4238
636 557
637 3971
638 83
639 4345
640 4314
641 1124
642 4603
643 1698
644 4468
645 226
646 3320
647 235
648 4858
649 3004
650 3879
651 2832
652 4223
653 872
654 3525
655 3098
656 4287
657 752
658 75
659 4589
660 1082
661 2995
662 1339
663 3291
664 1729
665 4160
666 3882
667 3638
668 3131
669 3965
670 2983
671 3797
672 89
673 2586
674 495
675 910
676 4164
677 3815
678 2497
679 374
680 3171
681 1376
682 4559
683 2395
684 3600
685 3084
686 1845
687 2888
688 3837
689 3273
690 2477
691 1271
692 1268
693 168
694 4562
695 4349
696 4328
697 3444
698 2987
699 3811
700 3761
701 2322
702 2609
703 203
704 4908
705 4456
706 2465
707 424
708 4624
709 4962
710 799
711 2795
712 2690
713 1710
714 1542
715 1290
716 4794
717 3388
718 4178
719 4983
720 3013
721 3007
722 1254
723 633
724 3176
725 2169
726 4983
727 3856
728 1965
729 2970
730 4020
731 727
732 1645
733 1629
734 2282
735 1553
736 1085
737 1099
738 3330
739 709
740 1061
741 481
742 4857
743 103
744 2191
745 1399
746 1393
747 3337
748 4787
749 572
750 3321
751 2800
752 4931
753 4575
754 3434
755 4459
756 1744
757 4769
758 4668
759 62
760 4091
761 3688
762 789
763 736
764 317
765 4423
766 3642
767 2754
768 522
769 1972
770 4816
771 2935
772 3805
773 4673
774 3038
775 996
776 1072
777 783
778 685
779 2212
780 1355
781 4006
782 1364
783 2639
784 4934
785 1150
786 2098
787 3030
788 919
789 1766
790 3092
791 11
792 454
793 233
794 2099
795 2123
796 4656
797 741
798 1230
799 1530
800 4065
801 1046
802 4465
803 2870
804 719
805 3855
806 218
807 3143
808 4639
809 904
810 355
811 2346
812 1262
813 1720
814 1337
815 1196
816 4222
817 3436
818 4227
819 142
820 1554
821 2319
822 1505
823 3361
824 2553
825 3604
826 1836
827 3561
828 698
829 3066
830 92
831 4763
832 4112
833 909
834 2634
835 1183
836 1117
837 4204
838 4327
839 2108
840 108
841 1034
842 4454
843 2723
844 2754
845 792
846 3919
847 1977
848 580
849 3146
850 3471
851 3486
852 1818
853 1328
854 1847
855 723
856 4932
857 3684
858 4284
859 630
860 1750
861 728
862 1746
863 2215
864 1638
865 732
866 3398
867 2755
868 4936
869 4077
870 4863
871 1397
872 112
873 669
874 4120
875 4218
876 2813
877 3039
878 2547
879 4745
880 2538
881 1018
882 3232
883 708
884 2346
885 79
886 1431
887 3631
888 115
889 2067
890 613
891 1866
892 2796
893 2359
894 433
895 786
896 3091
897 183
898 3541
899 3028
900 4261
901 4756
902 4425
903 725
904 1777
905 4897
906 4943
907 943
908 4288
909 2491
910 688
911 1826
912 4861
913 272
914 3886
915 3560
916 352
917 1669
918 2191
919 467
920 3737
921 2804
922 3685
923 1533
924 1516
925 4118
926 2319
927 4607
928 4302
929 2212
930 3987
931 4915
932 3320
933 4764
934 640
935 1449
936 4661
937 1935
938 2392
939 3950
940 4426
941 4433
942 2128
943 640
944 4705
945 2367
946 4200
947 1409
948 4036
949 2743
950 3229
951 2773
952 1899
953 1914
954 658
955 3415
956 2385
957 4329
958 3023
959 3039
960 2893
961 3362
962 4306
963 1213
964 3127
965 4946
966 4015
967 4140
968 1881
969 2759
970 4442
971 2660
972 2192
973 1571
974 3300
975 3250
976 3938
977 3852
978 4659
979 4326
980 1595
981 2888
982 2100
983 3494
984 1155
985 2758
986 1910
987 4892
988 3440
989 1285
990 4283
991 1333
992 4647
993 3589
994 3899
995 4126
996 4887
997 2914
998 3267
999 3120
1000 2025
1001 2709
1002 780
1003 4218
1004 632
1005 432
1006 3820
1007 922
1008 4284
1009 4831
1010 249
1011 2231
1012 2720
1013 3701
1014 726
1015 227
1016 2811
1017 3988
1018 1471
1019 1251
1020 273
1021 754
1022 2585
1023 1272
1024 4343
1025 2836
1026 1751
1027 582
1028 2102
1029 1370
1030 3702
1031 4127
1032 431
1033 4483
1034 4697
1035 1064
1036 1267
1037 3517
1038 3338
1039 552
1040 3349
1041 4939
1042 4135
1043 2421
1044 3640
1045 4861
1046 4000
1047 1452
1048 3849
1049 471
1050 4055
1051 474
1052 2577
1053 2992
1054 3099
1055 3272
1056 828
1057 1202
1058 3854
1059 2930
1060 2572
1061 2556
1062 3410
1063 3003
1064 2039
1065 3107
1066 419
1067 4659
1068 2977
1069 110
1070 211
1071 2678
1072 49
1073 698
1074 99
1075 42
1076 560
1077 451
1078 2846
1079 761
1080 922
1081 1901
1082 2588
1083 4851
1084 4894
1085 2039
1086 3123
1087 2074
1088 3241
1089 1977
1090 1357
1091 2165
1092 4533
1093 4767
1094 168
1095 2925
1096 4226
1097 1940
1098 2584
1099 2203
1100 3402
1101 4147
1102 4881
1103 4803
1104 4845
1105 1332
1106 4845
1107 1757
1108 1783
1109 2691
1110 2519
1111 4057
1112 945
1113 107
1114 3908
1115 839
1116 3498
1117 2031
1118 4265
1119 1739
1120 360
1121 622
1122 3904
1123 4894
1124 1741
1125 424
1126 2819
1127 968
1128 3716
1129 1755
1130 3171
1131 2118
1132 902
1133 4405
1134 3274
1135 747
1136 737
1137 3119
1138 2505
1139 3873
1140 2163
1141 1376
1142 2930
1143 3108
1144 2835
1145 3191
1146 299
1147 1333
1148 1574
1149 4564
1150 4424
1151 1935
1152 1539
1153 3328
1154 1829
1155 3280
1156 104
1157 1000
1158 4248
1159 173
1160 2755
1161 3772
1162 3643
1163 3657
1164 4529
1165 1917
1166 756
1167 266
1168 1389
1169 4613
1170 491
1171 3552
1172 989
1173 3422
1174 1660
1175 176
1176 2965
1177 3311
1178 1509
1179 4539
1180 2875
1181 933
1182 1474
1183 766
1184 613
1185 4655
1186 4047
1187 2070
1188 2007
1189 4647
1190 2243
1191 4762
1192 4771
1193 2238
1194 4771
1195 4300
1196 4156
1197 1880
1198 919
1199 545
1200 2845
1201 1410
1202 449
1203 3835
1204 1184
1205 2109
1206 4011
1207 4149
1208 1772
1209 1873
1210 41
1211 4647
1212 4158
1213 2867
1214 414
1215 4772
1216 2523
1217 813
1218 3194
1219 882
1220 460
1221 437
1222 1997
1223 1584
1224 2675
1225 3120
1226 884
1227 3183
1228 0
1229 3155
1230 80
1231 2846
1232 4566
1233 529
1234 3033
1235 750
1236 3990
1237 3396
1238 1252
1239 762
1240 1621
1241 1293
1242 1762
1243 780
1244 4160
1245 3528
1246 1904
1247 3035
1248 4341
1249 98
1250 3918
1251 1153
1252 1887
1253 915
1254 2737
1255 4562
1256 4035
1257 4974
1258 4098
1259 388
1260 3129
1261 4178
1262 4586
1263 4047
1264 1060
1265 3971
1266 1150
1267 1402
1268 2367
1269 2402
1270 2165
1271 341
1272 47
1273 3927
1274 1121
1275 4207
1276 2455
1277 3025
1278 3595
1279 3148
1280 4475
1281 2513
1282 4301
1283 1362
1284 4780
1285 3391
1286 2276
1287 3815
1288 4717
1289 1374
1290 555
1291 2846
1292 1905
1293 141
1294 3246
1295 4317
1296 4112
1297 748
1298 719
1299 2832
1300 4502
1301 4236
1302 3173
1303 4549
1304 4515
1305 646
1306 108
1307 3322
1308 23
1309 3703
1310 1470
1311 4498
1312 2568
1313 772
1314 860
1315 2348
1316 515
1317 3136
1318 2516
1319 232
1320 863
1321 3071
1322 4430
1323 2768
1324 3213
1325 2676
1326 3437
1327 3677
1328 3424
1329 4156
1330 1509
1331 4278
1332 3393
1333 1034
1334 3827
1335 2908
1336 1680
1337 288
1338 1231
1339 1703
1340 3991
1341 4053
1342 1201
1343 2912
1344 4825
1345 3413
1346 260
1347 1692
1348 2902
1349 2776
1350 1924
1351 3765
1352 2200
1353 2707
1354 2885
1355 1765
1356 383
1357 1322
1358 442
1359 160
1360 1830
1361 3304
1362 4438
1363 223
1364 4338
1365 4618
1366 4484
1367 1019
1368 4906
1369 715
1370 4074
1371 249
1372 1120
1373 1628
1374 3161
1375 946
1376 41
1377 4774
1378 3990
1379 2943
1380 3902
1381 2267
1382 3060
1383 1102
1384 4974
1385 945
1386 2867
1387 357
1388 3619
1389 4662
1390 1869
1391 450
1392 2966
1393 2660
1394 673
1395 2304
1396 3630
1397 1509
1398 4675
1399 4888
1400 3576
1401 3750
1402 137
1403 4697
1404 1730
1405 4651
1406 1995
1407 3123
1408 4425
1409 985
1410 2419
1411 3327
1412 3252
1413 479
1414 782
1415 3226
1416 2777
1417 3649
1418 4936
1419 1396
1420 3311
1421 3157
1422 1846
1423 2629
1424 2169
1425 2520
1426 4934
1427 799
1428 4029
1429 961
1430 687
1431 2606
1432 1063
1433 2177
1434 2303
1435 2793
1436 1828
1437 650
1438 2269
1439 1253
1440 1635
1441 4688
1442 932
1443 4888
1444 167
1445 1714
1446 4466
1447 2944
1448 1716
1449 754
1450 693
1451 1379
1452 3912
1453 2539
1454 4009
1455 1081
1456 59
1457 295
1458 3233
1459 441
1460 1256
1461 272
1462 4399
1463 2320
1464 2449
1465 3054
1466 1465
1467 4277
1468 3704
1469 3734
1470 1882
1471 1691
1472 4774
1473 4167
1474 2931
1475 1294
1476 881
1477 2398
1478 590
1479 2597
1480 3152
1481 1283
1482 3977
1483 3416
1484 3823
1485 4338
1486 4498
1487 234
1488 4633
1489 4083
1490 675
1491 889
1492 4355
1493 1426
1494 4561
1495 1805
1496 832
1497 2379
1498 2434
1499 888
1500 2465
1501 669
1502 2580
1503 2240
1504 4836
1505 511
1506 3534
1507 2069
1508 4261
1509 4124
1510 4667
1511 3766
1512 408
1513 4996
1514 2182
1515 4231
1516 4334
1517 3032
1518 817
1519 3967
1520 2115
1521 2845
1522 1208
1523 2823
1524 4271
1525 2122
1526 980
1527 1456
1528 4501
1529 4766
1530 2344
1531 1966
1532 435
1533 1276
1534 558
1535 1623
1536 3140
1537 4092
1538 3693
1539 2401
1540 4569
1541 4712
1542 1167
1543 1329
1544 1060
1545 3350
1546 1912
1547 394
1548 2734
1549 2729
1550 713
1551 4850
1552 574
1553 3273
1554 2673
1555 1198
1556 395
1557 5
1558 2654
1559 1248
1560 4771
1561 1350
1562 3215
1563 207
1564 2627
1565 125
1566 3182
1567 767
1568 570
1569 1875
1570 3168
1571 139
1572 2939
1573 688
1574 2820
1575 3999
1576 390
1577 4732
1578 745
1579 3124
1580 2461
1581 1458
1582 4326
1583 4388
1584 4732
1585 1999
1586 586
1587 1479
1588 2004
1589 3240
1590 2728
1591 1776
1592 4590
1593 2295
1594 3335
1595 3569
1596 2420
1597 1517
1598 688
1599 4342
1600 4745
1601 209
1602 833
1603 2684
1604 897
1605 3653
1606 3036
1607 1287
1608 3385
1609 3781
1610 763
1611 2199
1612 1592
1613 90
1614 1587
1615 2676
1616 3441
1617 2173
1618 4155
1619 446
1620 1765
1621 3235
1622 3574
1623 2707
1624 530
1625 3261
1626 1277
1627 4303
1628 1130
1629 1965
1630 3645
1631 2227
1632 2174
1633 831
1634 4912
1635 4423
1636 4484
1637 4300
1638 2062
1639 4222
1640 4433
1641 2826
1642 1421
1643 1025
1644 2916
1645 4360
1646 53
1647 1357
1648 1533
1649 4209
1650 3155
1651 3298
1652 3796
1653 3081
1654 2357
1655 679
1656 1342
1657 3634
1658 1334
1659 3825
1660 1952
1661 4979
1662 1052
1663 478
1664 810
1665 964
1666 4902
1667 1647
1668 1616
1669 1964
1670 869
1671 1050
1672 4790
1673 3642
1674 3427
1675 2706
1676 3002
1677 3481
1678 416
1679 4535
1680 4042
1681 3571
1682 4185
1683 2838
1684 1653
1685 1542
1686 3517
1687 2995
1688 1529
1689 4851
1690 1820
1691 4833
1692 1183
1693 4225
1694 311
1695 3345
1696 189
1697 1565
1698 1344
1699 3158
1700 3530
1701 2213
1702 4208
1703 4672
1704 855
1705 2635
1706 3731
1707 3857
1708 2468
1709 4147
1710 4744
1711 1510
1712 2718
1713 281
1714 4349
1715 4371
1716 3176
1717 4218
1718 3719
1719 4705
1720 422
1721 1891
1722 890
1723 2957
1724 1116
1725 1201
1726 1302
1727 2658
1728 2767
1729 2647
1730 2168
1731 2649
1732 1212
1733 2728
1734 2321
1735 2068
1736 1715
1737 1052
1738 2277
1739 4184
1740 199
1741 3374
1742 694
1743 4270
1744 3655
1745 1395
1746 4993
1747 1831
1748 1966
1749 64
1750 2888
1751 2388
1752 3308
1753 3778
1754 345
1755 4424
1756 1332
1757 2999
1758 3434
1759 4099
1760 646
1761 1954
1762 1748
1763 3211
1764 4682
1765 421
1766 279
1767 1398
1768 1474
1769 3908
1770 582
1771 3025
1772 2282
1773 2628
1774 3647
1775 2290
1776 4024
1777 3641
1778 4121
1779 990
1780 3705
1781 3362
1782 4730
1783 2013
1784 2140
1785 75
1786 2790
1787 3472
1788 3074
1789 2576
1790 3923
1791 73
1792 4531
1793 2023
1794 3284
1795 4213
1796 2445
1797 4915
1798 611
1799 271
1800 175
1801 2545
1802 4648
1803 2458
1804 174
1805 3296
1806 1100
1807 550
1808 1937
1809 221
1810 2892
1811 1994
1812 3583
1813 2622
1814 4008
1815 2076
1816 2697
1817 3150
1818 1900
1819 2123
1820 726
1821 824
1822 3548
1823 257
1824 4199
1825 3184
1826 823
1827 1644
1828 3099
1829 1434
1830 3267
1831 4627
1832 332
1833 2916
1834 3437
1835 506
1836 1212
1837 4537
1838 2408
1839 4501
1840 4758
1841 300
1842 1495
1843 4694
1844 2922
1845 1855
1846 1770
1847 1971
1848 5
1849 3670
1850 446
1851 732
1852 846
1853 3995
1854 2341
1855 46
1856 2179
1857 3164
1858 3042
1859 1631
1860 951
1861 2662
1862 1258
1863 1283
1864 1930
1865 4695
1866 3141
1867 4494
1868 4232
1869 549
1870 3995
1871 342
1872 849
1873 1842
1874 1388
1875 123
1876 3698
1877 3158
1878 3446
1879 55
1880 3181
1881 3892
1882 787
1883 379
1884 4239
1885 4481
1886 1777
1887 1419
1888 3997
1889 1172
1890 4402
1891 4948
1892 3834
1893 2012
1894 1231
1895 764
1896 3059
1897 724
1898 258
1899 3643
1900 1273
1901 605
1902 3985
1903 3474
1904 2447
1905 374
1906 4949
1907 2497
1908 4884
1909 3395
1910 2553
1911 4417
1912 3640
1913 4692
1914 1149
1915 2879
1916 525
1917 2926
1918 650
1919 4523
1920 4098
1921 52
1922 4471
1923 4284
1924 3416
1925 2055
1926 1400
1927 1475
1928 2779
1929 3010
1930 118
1931 405
1932 3615
1933 4104
1934 231
1935 2415
1936 830
1937 1533
1938 1264
1939 2066
1940 4928
1941 169
1942 2836
1943 4920
1944 4862
1945 3985
1946 2800
1947 387
1948 3263
1949 3450
1950 1262
1951 3714
1952 4855
1953 734
1954 4350
1955 3271
1956 4141
1957 751
1958 4747
1959 3272
1960 3761
1961 4865
1962 3677
1963 3729
1964 321
1965 261
1966 2496
1967 2503
1968 1794
1969 3760
1970 922
1971 3074
1972 3930
1973 3758
1974 2995
1975 144
1976 4095
1977 795
1978 1883
1979 2358
1980 597
1981 3146
1982 2424
1983 1804
1984 232
1985 1775
1986 1428
1987 4373
1988 2526
1989 2527
1990 2645
1991 2639
1992 3744
1993 2675
1994 1368
1995 418
1996 4288
1997 216
1998 2921
1999 1082
2000 3977
2001 3843
2002 508
2003 4259
2004 3953
2005 3503
2006 755
2007 4400
2008 650
2009 2638
2010 1759
2011 2600
2012 2136
2013 535
2014 4404
2015 2368
2016 2310
2017 2184
2018 3093
2019 1188
2020 4711
2021 2091
2022 3828
2023 4808
2024 4766
2025 1548
2026 226
2027 4054
2028 3117
2029 3147
2030 1488
2031 3446
2032 3343
2033 1996
2034 2705
2035 3648
2036 1852
2037 3460
2038 3049
2039 2502
2040 2450
2041 1160
2042 102
2043 4587
2044 1695
2045 859
2046 3307
2047 358
2048 4395
2049 1401
2050 1546
2051 459
2052 3492
2053 1726
2054 267
2055 4610
2056 4627
2057 493
2058 3664
2059 2744
2060 3640
2061 1504
2062 1190
2063 3335
2064 4852
2065 247
2066 1984
2067 1704
2068 59
2069 33
2070 4207
2071 2509
2072 2545
2073 661
2074 3448
2075 4240
2076 2872
2077 1756
2078 4598
2079 2268
2080 3157
2081 2497
2082 4079
2083 3001
2084 575
2085 4346
2086 2611
2087 202
2088 4839
2089 2627
2090 4298
2091 4831
2092 4131
2093 1840
2094 3167
2095 335
2096 2087
2097 1503
2098 2040
2099 2146
2100 2888
2101 2599
2102 1008
2103 433
2104 4612
2105 4456
2106 1025
2107 2485
2108 1212
2109 1976
2110 1105
2111 721
2112 4473
2113 184
2114 3722
2115 48
2116 882
2117 1333
2118 1603
2119 721
2120 312
2121 901
2122 1904
2123 4443
2124 4094
2125 1423
2126 4779
2127 1181
2128 2926
2129 3171
2130 4680
2131 2166
2132 770
2133 2040
2134 3951
2135 382
2136 1496
2137 4977
2138 4219
2139 4061
2140 1953
2141 1676
2142 4782
2143 2778
2144 1860
2145 4857
2146 4178
2147 4094
2148 2542
2149 2133
2150 4815
2151 2855
2152 4387
2153 1720
2154 3650
2155 3481
2156 3143
2157 3429
2158 1014
2159 2422
2160 2952
2161 694
2162 4588
2163 3722
2164 4086
2165 3540
2166 457
2167 583
2168 4869
2169 4676
2170 996
2171 3174
2172 1353
2173 2130
2174 2304
2175 4565
2176 1987
2177 1482
2178 3660
2179 882
2180 3616
2181 4827
2182 3737
2183 3003
2184 2899
2185 2387
2186 2836
2187 2395
2188 2169
2189 3850
2190 4817
2191 121
2192 897
2193 757
2194 196
2195 4983
2196 649
2197 653
2198 1918
2199 518
2200 1681
2201 2914
2202 44
2203 3034
2204 1397
2205 2348
2206 3952
2207 4736
2208 183
2209 3964
2210 618
2211 151
2212 143
2213 4355
2214 4506
2215 3043
2216 1743
2217 2342
2218 438
2219 264
2220 1192
2221 1607
2222 385
2223 2089
2224 2364
2225 581
2226 3425
2227 4366
2228 1234
2229 343
2230 4884
2231 2916
2232 4610
2233 1281
2234 2302
2235 2359
2236 3629
2237 2606
2238 2095
2239 164
2240 2922
2241 2714
2242 315
2243 3066
2244 3421
2245 4821
2246 2461
2247 164
2248 2163
2249 4251
2250 428
2251 4708
2252 858
2253 2166
2254 3149
2255 4574
2256 2747
2257 1574
2258 3940
2259 334
2260 3270
2261 177
2262 4602
2263 4232
2264 1458
2265 3256
2266 1591
2267 1439
2268 2215
2269 3686
2270 1604
2271 137
2272 1400
2273 3271
2274 4555
2275 4822
2276 3093
2277 3368
2278 1338
2279 1608
2280 2619
2281 3119
2282 1316
2283 4829
2284 1637
2285 818
2286 756
2287 4384
2288 2392
2289 4696
2290 1070
2291 2014
2292 1225
2293 2024
2294 1246
2295 4035
2296 281
2297 2837
2298 1827
2299 2496
2300 1524
2301 4783
2302 3985
2303 4276
2304 3054
2305 4893
2306 4098
2307 2499
2308 3261
2309 1789
2310 4108
2311 2233
2312 1260
2313 1776
2314 2062
2315 2897
2316 2594
2317 2818
2318 3633
2319 1339
2320 3867
2321 4704
2322 3353
2323 92
2324 3080
2325 4600
2326 480
2327 3361
2328 2437
2329 2307
2330 2209
2331 3961
2332 2090
2333 2547
2334 3238
2335 144
2336 2440
2337 3688
2338 2644
2339 2053
2340 1829
2341 3104
2342 4286
2343 3089
2344 4880
2345 1349
2346 986
2347 3827
2348 519
2349 972
2350 166
2351 4386
2352 2028
2353 3519
2354 831
2355 108
2356 3119
2357 1311
2358 3470
2359 1909
2360 3618
2361 2031
2362 870
2363 2060
2364 4578
2365 460
2366 2204
2367 3370
2368 4149
2369 1200
2370 424
2371 2330
2372 4304
2373 4710
2374 420
2375 537
2376 1059
2377 2758
2378 4364
2379 2931
2380 3730
2381 882
2382 2317
2383 758
2384 4401
2385 4500
2386 867
2387 3873
2388 2163
2389 689
2390 782
2391 781
2392 2720
2393 3004
2394 4193
2395 3651
2396 3465
2397 2750
2398 2021
2399 3966
2400 3950
2401 2445
2402 1296
2403 4607
2404 2156
2405 3068
2406 1496
2407 4567
2408 827
2409 2212
2410 3850
2411 909
2412 3094
2413 2520
2414 3020
2415 3847
2416 2020
2417 239
2418 4072
2419 4184
2420 928
2421 4854
2422 1317
2423 0
2424 4211
2425 511
2426 3651
2427 2676
2428 3261
2429 2025
2430 2994
2431 3563
2432 4470
2433 4290
2434 3170
2435 2978
2436 3711
2437 1018
2438 3898
2439 890
2440 3230
2441 2748
2442 1799
2443 2676
2444 268
2445 1171
2446 1524
2447 2289
2448 1410
2449 1948
2450 2825
2451 2338
2452 1803
2453 4142
2454 3691
2455 2366
2456 1005
2457 2342
2458 42
2459 618
2460 4367
2461 3036
2462 4182
2463 190
2464 3678
2465 3704
2466 4520
2467 3741
2468 4723
2469 3418
2470 4631
2471 4305
2472 1167
2473 2783
2474 3334
2475 2787
2476 3954
2477 1210
2478 76
2479 365
2480 3158
2481 4253
2482 4055
2483 1313
2484 4748
2485 2746
2486 3679
2487 753
2488 1441
2489 3721
2490 2724
2491 2160
2492 3109
2493 1906
2494 2350
2495 3140
2496 1962
2497 3223
2498 1881
2499 3037
2500 1641
2501 2865
2502 3695
2503 4160
2504 648
2505 2029
2506 1948
2507 4602
2508 3239
2509 3376
2510 1319
2511 1397
2512 2630
2513 1727
2514 2711
2515 2378
2516 4473
2517 1390
2518 4483
2519 2266
2520 1464
2521 3559
2522 4427
2523 925
2524 465
2525 3129
2526 417
2527 3780
2528 1352
2529 3651
2530 1817
2531 4346
2532 1516
2533 512
2534 3506
2535 3516
2536 2541
2537 1806
2538 4470
2539 780
2540 183
2541 790
2542 3530
2543 4165
2544 2517
2545 1241
2546 1543
2547 3342
2548 3983
2549 2378
2550 609
2551 447
2552 938
2553 1388
2554 2725
2555 2755
2556 869
2557 3142
2558 1535
2559 3574
2560 3145
2561 4705
2562 2920
2563 1013
2564 217
2565 2778
2566 4529
2567 4111
2568 4585
2569 4000
2570 1243
2571 4768
2572 1142
2573 4773
2574 3933
2575 3659
2576 2366
2577 1828
2578 3353
2579 1350
2580 558
2581 314
2582 3149
2583 2848
2584 3054
2585 2226
2586 604
2587 3924
2588 1721
2589 3491
2590 2498
2591 4866
2592 3196
2593 418
2594 880
2595 4766
2596 3196
2597 409
2598 229
2599 2781
2600 761
2601 2824
2602 3901
2603 1903
2604 2598
2605 2834
2606 1914
2607 1316
2608 1014
2609 268
2610 4018
2611 1573
2612 1934
2613 3520
2614 4421
2615 4989
2616 746
2617 25
2618 265
2619 3819
2620 4869
2621 2763
2622 3686
2623 4417
2624 4533
2625 918
2626 4183
2627 4081
2628 2679
2629 764
2630 3215
2631 3441
2632 3589
2633 2116
2634 1696
2635 1187
2636 1303
2637 3611
2638 3855
2639 2317
2640 231
2641 4226
2642 242
2643 2165
2644 2746
2645 4664
2646 3506
2647 4844
2648 1041
2649 3771
2650 3664
2651 910
2652 2886
2653 3702
2654 328
2655 2419
2656 972
2657 863
2658 2853
2659 3651
2660 1628
2661 1068
2662 3444
2663 217
2664 4536
2665 1493
2666 2756
2667 2191
2668 104
2669 1611
2670 861
2671 335
2672 837
2673 1103
2674 3852
2675 4935
2676 767
2677 3711
2678 4780
2679 1809
2680 2482
2681 4796
2682 4071
2683 1721
2684 3498
2685 751
2686 4140
2687 822
2688 1615
2689 3345
2690 825
2691 3243
2692 765
2693 4270
2694 3460
2695 1654
2696 2115
2697 2568
2698 3845
2699 2219
2700 4179
2701 4706
2702 3906
2703 1369
2704 2162
2705 4110
2706 1304
2707 2929
2708 2821
2709 2436
2710 1090
2711 1656
2712 2232
2713 1514
2714 3377
2715 2082
2716 2265
2717 3869
2718 2904
2719 3880
2720 2215
2721 3730
2722 3475
2723 2980
2724 4352
2725 1935
2726 4634
2727 1467
2728 4503
2729 4832
2730 38
2731 35
2732 890
2733 3944
2734 2756
2735 3052
2736 4406
2737 4060
2738 2334
2739 2228
2740 2849
2741 3424
2742 236
2743 81
2744 1290
2745 3613
2746 2164
2747 3556
2748 3834
2749 1420
2750 2436
2751 1049
2752 1502
2753 912
2754 382
2755 854
2756 4199
2757 1368
2758 3673
2759 55
2760 1200
2761 3711
2762 1442
2763 3443
2764 4007
2765 4198
2766 1495
2767 3414
2768 4610
2769 3829
2770 1994
2771 3811
2772 3606
2773 3582
2774 3893
2775 4896
2776 3547
2777 2409
2778 3452
2779 2381
2780 181
2781 2241
2782 4783
2783 1684
2784 4505
2785 165
2786 3890
2787 56
2788 2885
2789 2564
2790 111
2791 438
2792 2627
2793 2905
2794 3881
2795 1635
2796 3455
2797 376
2798 1401
2799 3066
2800 558
2801 4747
2802 1877
2803 516
2804 4681
2805 2122
2806 1764
2807 3228
2808 883
2809 1569
2810 609
2811 1065
2812 3810
2813 1744
2814 2749
2815 4667
2816 1909
2817 1639
2818 4723
2819 1147
2820 555
2821 1187
2822 1585
2823 3183
2824 4092
2825 466
2826 1170
2827 2548
2828 2194
2829 3923
2830 1966
2831 2752
2832 22
2833 195
2834 4620
2835 4703
2836 3670
2837 1385
2838 2931
2839 4553
2840 2954
2841 4892
2842 618
2843 3116
2844 2989
2845 4719
2846 2783
2847 1250
2848 2711
2849 2506
2850 2397
2851 3266
2852 45
2853 3982
2854 2801
2855 4138
2856 4448
2857 3971
2858 3038
2859 2995
2860 2894
2861 1356
2862 2099
2863 2916
2864 2903
2865 1720
2866 3971
2867 1573
2868 3105
2869 3254
2870 1127
2871 1059
2872 3147
2873 3097
2874 527
2875 1136
2876 4169
2877 3310
2878 3738
2879 1880
2880 2168
2881 1136
2882 1498
2883 2214
2884 118
2885 4300
2886 2704
2887 919
2888 4623
2889 2094
2890 3914
2891 3870
2892 4802
2893 1013
2894 1786
2895 2705
2896 4085
2897 2110
2898 4279
2899 2190
2900 364
2901 1758
2902 4601
2903 4863
2904 1207
2905 128
2906 999
2907 1728
2908 4790
2909 4738
2910 4960
2911 3311
2912 2226
2913 1459
2914 525
2915 2344
2916 2111
2917 4581
2918 4615
2919 1734
2920 3027
2921 4881
2922 604
2923 2829
2924 2247
2925 3743
2926 534
2927 1332
2928 853
2929 1165
2930 3523
2931 2569
2932 4275
2933 4476
2934 2433
2935 483
2936 4605
2937 4784
2938 2211
2939 747
2940 874
2941 2172
2942 4058
2943 3100
2944 4983
2945 935
2946 1797
2947 3446
2948 1868
2949 1412
2950 1532
2951 4895
2952 2646
2953 3489
2954 2724
2955 4893
2956 2232
2957 4611
2958 1225
2959 4437
2960 2128
2961 1100
2962 2006
2963 1404
2964 577
2965 791
2966 3239
2967 1534
2968 576
2969 1802
2970 3633
2971 1450
2972 326
2973 2692
2974 4551
2975 309
2976 3627
2977 2700
2978 107
2979 496
2980 464
2981 1640
2982 1743
2983 3110
2984 129
2985 820
2986 4355
2987 3713
2988 1783
2989 581
2990 4502
2991 3911
2992 3033
2993 2860
2994 315
2995 4962
2996 3652
2997 4906
2998 2848
2999 4228
3000 1709
3001 1482
3002 678
3003 2035
3004 526
3005 1581
3006 3697
3007 4153
3008 4281
3009 156
3010 1001
3011 4746
3012 1796
3013 2745
3014 2856
3015 1925
3016 4917
3017 2212
3018 1990
3019 1700
3020 4145
3021 1492
3022 611
3023 3530
3024 4353
3025 2279
3026 4845
3027 3005
3028 2185
3029 2693
3030 2233
3031 246
3032 527
3033 4263
3034 3634
3035 1053
3036 845
3037 2331
3038 207
3039 126
3040 2487
3041 2560
3042 1224
3043 636
3044 1657
3045 4081
3046 3913
3047 1574
3048 2645
3049 904
3050 3274
3051 3142
3052 2396
3053 3886
3054 3024
3055 3101
3056 2517
3057 2869
3058 1106
3059 1054
3060 563
3061 4691
3062 1301
3063 1090
3064 307
3065 4935
3066 2144
3067 1152
3068 3618
3069 3703
3070 2630
3071 2457
3072 2615
3073 3855
3074 3093
3075 4273
3076 4288
3077 2007
3078 2199
3079 3285
3080 4263
3081 474
3082 2779
3083 3011
3084 712
3085 803
3086 1113
3087 4581
3088 3673
3089 3571
3090 635
3091 588
3092 4615
3093 1936
3094 1678
3095 4922
3096 1871
3097 174
3098 2426
3099 1841
3100 229
3101 1408
3102 4299
3103 2845
3104 1615
3105 3744
3106 3470
3107 903
3108 2103
3109 2021
3110 540
3111 1366
3112 2495
3113 4671
3114 730
3115 4559
3116 475
3117 3195
3118 4140
3119 500
3120 1766
3121 4776
3122 1088
3123 2733
3124 3064
3125 4118
3126 2655
3127 1288
3128 645
3129 1433
3130 3129
3131 2226
3132 2842
3133 3780
3134 1423
3135 4457
3136 2525
3137 4893
3138 1713
3139 4628
3140 1915
3141 2253
3142 2347
3143 762
3144 3277
3145 3077
3146 1674
3147 104
3148 1272
3149 814
3150 604
3151 4390
3152 1942
3153 3044
3154 2124
3155 7
3156 3514
3157 1131
3158 1295
3159 4159
3160 2565
3161 776
3162 2738
3163 407
3164 4557
3165 4161
3166 4864
3167 2082
3168 407
3169 1577
3170 3062
3171 3674
3172 183
3173 409
3174 4436
3175 3460
3176 4838
3177 2462
3178 3564
3179 1110
3180 3277
3181 520
3182 1853
3183 1571
3184 3564
3185 3977
3186 1578
3187 3430
3188 108
3189 4225
3190 2590
3191 4025
3192 2
3193 1680
3194 4432
3195 911
3196 841
3197 649
3198 2993
3199 1248
3200 2226
3201 1055
3202 4922
3203 3761
3204 2817
3205 711
3206 2221
3207 2655
3208 4525
3209 2137
3210 118
3211 4154
3212 2657
3213 1971
3214 726
3215 1221
3216 2300
3217 3656
3218 4652
3219 3760
3220 4234
3221 3594
3222 2786
3223 588
3224 1626
3225 2218
3226 1499
3227 2467
3228 2867
3229 844
3230 68
3231 1446
3232 1899
3233 1342
3234 207
3235 1068
3236 3405
3237 3781
3238 3724
3239 2931
3240 918
3241 194
3242 2085
3243 3576
3244 2165
3245 2811
3246 1149
3247 4465
3248 2820
3249 2153
3250 3225
3251 2054
3252 2099
3253 2363
3254 2642
3255 3725
3256 934
3257 4141
3258 2545
3259 153
3260 4985
3261 2613
3262 1599
3263 3236
3264 307
3265 3159
3266 657
3267 3713
3268 1940
3269 733
3270 2996
3271 2858
3272 927
3273 81
3274 2786
3275 3092
3276 4245
3277 288
3278 3909
3279 2065
3280 2441
3281 3486
3282 471
3283 893
3284 850
3285 3113
3286 970
3287 3136
3288 3606
3289 3515
3290 3289
3291 4943
3292 2480
3293 1241
3294 3179
3295 4140
3296 4400
3297 188
3298 2853
3299 2692
3300 921
3301 2201
3302 1902
3303 1848
3304 2282
3305 4689
3306 1292
3307 2879
3308 1329
3309 201
3310 1296
3311 122
3312 40
3313 1767
3314 1015
3315 2242
3316 4880
3317 3338
3318 378
3319 4838
3320 1853
3321 19
3322 4781
3323 686
3324 1260
3325 4313
3326 1178
3327 2012
3328 4501
3329 4031
3330 4704
3331 423
3332 1232
3333 1607
3334 2271
3335 4866
3336 2648
3337 4916
3338 2746
3339 3977
3340 1469
3341 4042
3342 4099
3343 1509
3344 2162
3345 1467
3346 103
3347 3394
3348 4805
3349 481
3350 3233
3351 3010
3352 1853
3353 3014
3354 48
3355 3113
3356 3679
3357 1226
3358 126
3359 3181
3360 1609
3361 1182
3362 4956
3363 4193
3364 4141
3365 3579
3366 4060
3367 1789
3368 3495
3369 3158
3370 2118
3371 4965
3372 3552
3373 2570
3374 2826
3375 714
3376 4037
3377 2930
3378 4109
3379 3842
3380 4763
3381 2342
3382 3204
3383 1616
3384 1708
3385 3253
3386 1082
3387 1740
3388 4479
3389 1208
3390 4921
3391 1089
3392 3742
3393 1229
3394 282
3395 2884
3396 4808
3397 694
3398 1025
3399 3304
3400 204
3401 4496
3402 4621
3403 3757
3404 2066
3405 2447
3406 823
3407 1103
3408 377
3409 1284
3410 1297
3411 1493
3412 4978
3413 853
3414 3109
3415 1687
3416 4106
3417 4191
3418 3427
3419 3586
3420 1751
3421 4700
3422 1027
3423 494
3424 929
3425 2661
3426 4730
3427 2089
3428 3356
3429 2107
3430 1745
3431 4912
3432 1603
3433 1366
3434 3669
3435 3669
3436 166
3437 845
3438 1124
3439 1895
3440 2129
3441 3773
3442 3388
3443 2108
3444 4627
3445 2850
3446 147
3447 3733
3448 2041
3449 4926
3450 3671
3451 145
3452 4626
3453 1050
3454 1991
3455 1907
3456 3712
3457 1721
3458 348
3459 3420
3460 180
3461 2094
3462 3332
3463 1784
3464 4812
3465 3354
3466 453
3467 4978
3468 4199
3469 1578
3470 1874
3471 1328
3472 351
3473 1614
3474 4788
3475 4978
3476 4464
3477 4935
3478 64
3479 2858
3480 4861
3481 87
3482 3003
3483 839
3484 1138
3485 4994
3486 4098
3487 4850
3488 3067
3489 4447
3490 4622
3491 4599
3492 2893
3493 4306
3494 1383
3495 4057
3496 2660
3497 1837
3498 4036
3499 3211
3500 4767
3501 2262
3502 892
3503 1470
3504 3876
3505 680
3506 2801
3507 4693
3508 1968
3509 2865
3510 2551
3511 1829
3512 2952
3513 1906
3514 4021
3515 442
3516 3252
3517 3119
3518 1644
3519 1319
3520 3918
3521 1266
3522 2270
3523 3163
3524 573
3525 3654
3526 2221
3527 4585
3528 491
3529 2609
3530 2797
3531 1610
3532 4871
3533 3689
3534 3080
3535 99
3536 721
3537 881
3538 4792
3539 2689
3540 98
3541 3695
3542 4519
3543 4403
3544 601
3545 4892
3546 4845
3547 3853
3548 4363
3549 1490
3550 1524
3551 4634
3552 4108
3553 3795
3554 2797
3555 4681
3556 2449
3557 1370
3558 4267
3559 4292
3560 3979
3561 3416
3562 902
3563 202
3564 2105
3565 334
3566 302
3567 2826
3568 1216
3569 1446
3570 516
3571 2666
3572 142
3573 1387
3574 2069
3575 2095
3576 1279
3577 3267
3578 949
3579 1994
3580 1109
3581 2473
3582 1628
3583 217
3584 1268
3585 4426
3586 4899
3587 69
3588 2148
3589 518
3590 4361
3591 1128
3592 3934
3593 1615
3594 2682
3595 2391
3596 1950
3597 4336
3598 1569
3599 4518
3600 2135
3601 3437
3602 2184
3603 2277
3604 4824
3605 606
3606 724
3607 2455
3608 3873
3609 1673
3610 4450
3611 1334
3612 499
3613 1078
3614 1551
3615 3119
3616 1856
3617 2802
3618 3189
3619 4005
3620 4672
3621 3902
3622 1485
3623 3606
3624 518
3625 519
3626 2349
3627 2468
3628 4856
3629 3919
3630 1986
3631 1991
3632 2356
3633 522
3634 620
3635 3533
3636 1128
3637 1344
3638 2340
3639 1353
3640 4370
3641 3142
3642 2687
3643 4869
3644 573
3645 591
3646 2988
3647 3781
3648 3393
3649 2529
3650 4138
3651 3066
3652 1432
3653 1975
3654 3024
3655 1950
3656 2495
3657 374
3658 4418
3659 2351
3660 645
3661 2756
3662 4342
3663 4353
3664 3278
3665 4962
3666 4238
3667 759
3668 2658
3669 2931
3670 3464
3671 2028
3672 1073
3673 2504
3674 1897
3675 2998
3676 3095
3677 1238
3678 1780
3679 1488
3680 3767
3681 918
3682 906
3683 199
3684 2894
3685 3931
3686 3501
3687 389
3688 657
3689 2919
3690 2740
3691 2654
3692 2027
3693 3434
3694 2007
3695 306
3696 4748
3697 2598
3698 2417
3699 2406
3700 529
3701 881
3702 787
3703 2954
3704 3385
3705 4036
3706 953
3707 1480
3708 1626
3709 2733
3710 4321
3711 394
3712 3651
3713 227
3714 1945
3715 2897
3716 510
3717 1799
3718 4638
3719 2519
3720 4718
3721 2378
3722 173
3723 3098
3724 2164
3725 3533
3726 3404
3727 3264
3728 2483
3729 821
3730 671
3731 3012
3732 1702
3733 2810
3734 966
3735 1440
3736 1846
3737 3271
3738 2920
3739 3473
3740 1004
3741 3593
3742 219
3743 1008
3744 3821
3745 3516
3746 257
3747 683
3748 315
3749 4896
3750 3203
3751 1386
3752 3626
3753 4728
3754 4484
3755 791
3756 4613
3757 4240
3758 4055
3759 2096
3760 61
3761 1078
3762 1460
3763 3115
3764 3888
3765 3779
3766 4555
3767 2087
3768 2050
3769 3828
3770 1912
3771 4407
3772 2421
3773 3483
3774 415
3775 2594
3776 1999
3777 672
3778 3278
3779 2315
3780 568
3781 2833
3782 53
3783 4195
3784 3913
3785 4537
3786 1338
3787 4879
3788 3777
3789 393
3790 1975
3791 190
3792 2824
3793 4788
3794 4657
3795 3064
3796 3567
3797 4213
3798 151
3799 1969
3800 4393
3801 3415
3802 1376
3803 1814
3804 1898
3805 3143
3806 761
3807 3898
3808 3816
3809 391
3810 2565
3811 736
3812 3224
3813 2618
3814 1283
3815 3489
3816 3507
3817 2621
3818 3368
3819 3636
3820 4367
3821 1696
3822 3826
3823 2191
3824 1484
3825 3483
3826 1607
3827 1403
3828 4048
3829 1759
3830 3372
3831 3441
3832 174
3833 4749
3834 1608
3835 2073
3836 2892
3837 2369
3838 2323
3839 3060
3840 2760
3841 4888
3842 149
3843 2336
3844 3858
3845 1432
3846 2177
3847 3717
3848 4054
3849 546
3850 2353
3851 4773
3852 3594
3853 1179
3854 3316
3855 78
3856 1014
3857 4923
3858 2833
3859 1415
3860 3034
3861 1205
3862 1208
3863 3209
3864 2306
3865 2816
3866 1634
3867 1551
3868 1537
3869 309
3870 4611
3871 649
3872 1549
3873 4760
3874 2985
3875 407
3876 1193
3877 163
3878 4124
3879 1599
3880 2061
3881 2829
3882 2724
3883 655
3884 360
3885 1040
3886 2085
3887 1374
3888 2315
3889 4918
3890 4141
3891 350
3892 2475
3893 350
3894 3559
3895 4782
3896 3166
3897 1545
3898 1333
3899 1056
3900 1854
3901 2296
3902 1705
3903 3403
3904 2057
3905 1043
3906 162
3907 4602
3908 1206
3909 638
3910 2553
3911 4619
3912 3467
3913 1629
3914 1626
3915 3827
3916 2669
3917 3711
3918 1553
3919 4984
3920 4981
3921 695
3922 1686
3923 2456
3924 1045
3925 245
3926 2238
3927 563
3928 3142
3929 3571
3930 1619
3931 1348
3932 868
3933 3325
3934 1103
3935 4277
3936 720
3937 2617
3938 231
3939 3278
3940 3255
3941 2784
3942 2897
3943 3074
3944 4413
3945 4523
3946 1901
3947 3434
3948 4586
3949 4807
3950 4770
3951 4567
3952 502
3953 1457
3954 2023
3955 2899
3956 3054
3957 614
3958 3462
3959 2549
3960 537
3961 1434
3962 3897
3963 2757
3964 1111
3965 1353
3966 2034
3967 1831
3968 3970
3969 2265
3970 109
3971 2226
3972 1401
3973 4358
3974 300
3975 2166
3976 3881
3977 3554
3978 1952
3979 4819
3980 4713
3981 3075
3982 4386
3983 1567
3984 4532
3985 2761
3986 4466
3987 3938
3988 3375
3989 4280
3990 1487
3991 3913
3992 2066
3993 1737
3994 1670
3995 3177
3996 3090
3997 57
3998 1360
3999 2060
4000 3674
4001 2821
4002 638
4003 1428
4004 2179
4005 2291
4006 3594
4007 2412
4008 2197
4009 1899
4010 2231
4011 1910
4012 4974
4013 2969
4014 3477
4015 858
4016 2083
4017 4295
4018 4796
4019 1810
4020 3575
4021 2636
4022 2075
4023 642
4024 4373
4025 98
4026 171
4027 3815
4028 155
4029 2884
4030 2227
4031 181
4032 705
4033 2866
4034 1609
4035 4237
4036 1509
4037 1556
4038 1649
4039 3706
4040 3455
4041 233
4042 616
4043 4781
4044 4554
4045 445
4046 639
4047 1637
4048 4740
4049 1787
4050 3448
4051 3315
4052 4423
4053 523
4054 309
4055 148
4056 1973
4057 1833
4058 3963
4059 2128
4060 4717
4061 2543
4062 2310
4063 1774
4064 409
4065 271
4066 1011
4067 1918
4068 1827
4069 2661
4070 1976
4071 1634
4072 4246
4073 3944
4074 2767
4075 3800
4076 4389
4077 3406
4078 438
4079 4129
4080 1546
4081 238
4082 3796
4083 969
4084 2113
4085 458
4086 2470
4087 3643
4088 2785
4089 2567
4090 4712
4091 328
4092 1229
4093 1486
4094 737
4095 1501
4096 2498
4097 4007
4098 4680
4099 1511
4100 2335
4101 1315
4102 2109
4103 1279
4104 4082
4105 909
4106 668
4107 3841
4108 2699
4109 1149
4110 387
4111 2937
4112 1298
4113 2708
4114 1403
4115 1756
4116 178
4117 490
4118 399
4119 4316
4120 4409
4121 111
4122 4644
4123 639
4124 2949
4125 1734
4126 3492
4127 1799
4128 2093
4129 3172
4130 3310
4131 4429
4132 839
4133 419
4134 708
4135 1274
4136 2681
4137 2729
4138 115
4139 380
4140 3878
4141 1854
4142 4670
4143 1528
4144 914
4145 1073
4146 3284
4147 1093
4148 2915
4149 35
4150 1761
4151 2324
4152 1498
4153 1405
4154 4315
4155 4448
4156 3139
4157 2807
4158 1247
4159 233
4160 980
4161 910
4162 1014
4163 1819
4164 2681
4165 3074
4166 3093
4167 362
4168 803
4169 4560
4170 2095
4171 1034
4172 1414
4173 1765
4174 2562
4175 3681
4176 4190
4177 2199
4178 4774
4179 2105
4180 2234
4181 2887
4182 781
4183 85
4184 4292
4185 97
4186 4533
4187 2432
4188 2904
4189 2132
4190 4017
4191 236
4192 4394
4193 31
4194 3408
4195 2076
4196 4457
4197 2853
4198 3790
4199 261
4200 2414
4201 885
4202 2647
4203 180
4204 4002
4205 209
4206 3861
4207 3192
4208 3760
4209 4987
4210 297
4211 2347
4212 2874
4213 2431
4214 2432
4215 2167
4216 2528
4217 3317
4218 951
4219 1784
4220 449
4221 1320
4222 2021
4223 4844
4224 2703
4225 429
4226 3272
4227 2160
4228 3282
4229 3414
4230 3773
4231 2048
4232 652
4233 1420
4234 2229
4235 4654
4236 2982
4237 2442
4238 2847
4239 1742
4240 2430
4241 4496
4242 4089
4243 1656
4244 1927
4245 1521
4246 175
4247 4455
4248 1190
4249 2478
4250 1240
4251 1640
4252 3798
4253 4613
4254 2836
4255 1501
4256 1394
4257 2460
4258 14
4259 4676
4260 874
4261 3787
4262 1725
4263 2878
4264 208
4265 306
4266 2533
4267 3190
4268 2748
4269 380
4270 1284
4271 1530
4272 1228
4273 374
4274 4539
4275 3156
4276 3247
4277 4714
4278 3963
4279 4438
4280 2193
4281 1555
4282 2430
4283 2343
4284 2520
4285 1618
4286 3845
4287 3914
4288 430
4289 3859
4290 3591
4291 2656
4292 3998
4293 1668
4294 535
4295 4206
4296 3326
4297 3068
4298 3748
4299 2426
4300 4800
4301 33
4302 309
4303 2380
4304 1759
4305 4848
4306 1888
4307 6
4308 914
4309 852
4310 796
4311 3107
4312 3759
4313 4578
4314 451
4315 1280
4316 2548
4317 648
4318 194
4319 2978
4320 859
4321 137
4322 1987
4323 4857
4324 3157
4325 3874
4326 416
4327 1483
4328 3294
4329 4164
4330 262
4331 3094
4332 4197
4333 571
4334 1826
4335 956
4336 419
4337 3715
4338 2315
4339 2685
4340 919
4341 4463
4342 793
4343 4678
4344 4042
4345 2596
4346 2310
4347 2942
4348 4596
4349 2505
4350 921
4351 1807
4352 3994
4353 4260
4354 1664
4355 2152
4356 3134
4357 2080
4358 4987
4359 1428
4360 2597
4361 249
4362 874
4363 3146
4364 820
4365 2700
4366 4103
4367 2591
4368 2767
4369 2770
4370 277
4371 3686
4372 2233
4373 2422
4374 3365
4375 1275
4376 1370
4377 2027
4378 4218
4379 966
4380 4532
4381 1491
4382 2773
4383 4879
4384 2103
4385 789
4386 2031
4387 237
4388 4222
4389 2018
4390 3017
4391 3171
4392 3620
4393 3891
4394 1317
4395 792
4396 2943
4397 420
4398 4736
4399 2063
4400 3190
4401 1365
4402 749
4403 1776
4404 139
4405 466
4406 3051
4407 1509
4408 2494
4409 3621
4410 3827
4411 3378
4412 1464
4413 2952
4414 3257
4415 3567
4416 93
4417 288
4418 156
4419 667
4420 3659
4421 3173
4422 3838
4423 3631
4424 3416
4425 156
4426 4423
4427 2712
4428 1928
4429 511
4430 4775
4431 1471
4432 1876
4433 1876
4434 3247
4435 2015
4436 2343
4437 2650
4438 4876
4439 1189
4440 1272
4441 55
4442 4567
4443 2736
4444 3007
4445 2825
4446 2656
4447 4453
4448 4465
4449 2812
4450 120
4451 4476
4452 986
4453 3959
4454 3107
4455 754
4456 467
4457 3883
4458 3466
4459 2395
4460 4394
4461 4593
4462 3866
4463 2623
4464 1470
4465 2113
4466 4638
4467 165
4468 1116
4469 867
4470 1354
4471 2388
4472 922
4473 921
4474 1476
4475 3930
4476 98
4477 4132
4478 4735
4479 4564
4480 3297
4481 4855
4482 4040
4483 635
4484 166
4485 3500
4486 1389
4487 633
4488 3735
4489 1208
4490 3029
4491 3129
4492 2153
4493 3247
4494 2104
4495 3623
4496 1713
4497 1743
4498 3788
4499 2829
4500 2610
4501 142
4502 1569
4503 3532
4504 2416
4505 3045
4506 3814
4507 2514
4508 3530
4509 3549
4510 2078
4511 1827
4512 4757
4513 2471
4514 3814
4515 4923
4516 2323
4517 203
4518 1909
4519 1058
4520 2763
4521 1290
4522 539
4523 4917
4524 4537
4525 2644
4526 3540
4527 2602
4528 739
4529 3681
4530 431
4531 4701
4532 175
4533 3352
4534 4585
4535 2591
4536 2750
4537 3400
4538 106
4539 1280
4540 3301
4541 3536
4542 4459
4543 4410
4544 2359
4545 3273
4546 4334
4547 1034
4548 4828
4549 2595
4550 3444
4551 2592
4552 3885
4553 336
4554 3861
4555 4774
4556 2980
4557 3753
4558 2377
4559 71
4560 2434
4561 4160
4562 4772
4563 3962
4564 2513
4565 4357
4566 1553
4567 263
4568 4109
4569 3011
4570 2895
4571 3763
4572 2900
4573 3706
4574 3173
4575 259
4576 1979
4577 3859
4578 1294
4579 3159
4580 1454
4581 4738
4582 751
4583 339
4584 74
4585 964
4586 114
4587 4406
4588 4718
4589 3843
4590 829
4591 3504
4592 3003
4593 1953
4594 2466
4595 1868
4596 2663
4597 372
4598 3483
4599 1772
4600 3383
4601 1378
4602 1887
4603 1283
4604 84
4605 61
4606 2895
4607 3415
4608 3920
4609 541
4610 1575
4611 1727
4612 279
4613 3678
4614 3418
4615 1706
4616 4643
4617 4884
4618 2464
4619 4361
4620 3727
4621 3294
4622 4217
4623 3083
4624 1599
4625 1684
4626 4951
4627 4262
4628 2056
4629 3435
4630 1035
4631 1791
4632 1165
4633 2922
4634 4427
4635 1250
4636 4335
4637 2322
4638 4665
4639 4608
4640 2863
4641 1240
4642 1335
4643 4494
4644 1271
4645 4753
4646 2552
4647 914
4648 990
4649 17
4650 1627
4651 4717
4652 4663
4653 844
4654 4152
4655 1262
4656 3880
4657 4104
4658 525
4659 936
4660 3891
4661 2912
4662 4080
4663 56
4664 2186
4665 3507
4666 2658
4667 1522
4668 829
4669 3676
4670 2482
4671 3692
4672 1268
4673 3817
4674 4538
4675 2539
4676 4922
4677 2091
4678 3453
4679 912
4680 3460
4681 1432
4682 1982
4683 3123
4684 2277
4685 1134
4686 737
4687 1157
4688 1590
4689 2614
4690 3446
4691 1833
4692 1878
4693 2526
4694 3242
4695 4065
4696 1033
4697 900
4698 1939
4699 3214
4700 928
4701 4421
4702 3258
4703 2197
4704 4590
4705 2796
4706 4736
4707 864
4708 4887
4709 4542
4710 3129
4711 3347
4712 974
4713 1463
4714 2822
4715 4603
4716 2597
4717 3560
4718 761
4719 540
4720 2526
4721 559
4722 2373
4723 4405
4724 3085
4725 615
4726 3470
4727 470
4728 2868
4729 1761
4730 3684
4731 3796
4732 2534
4733 1942
4734 2345
4735 3476
4736 4738
4737 2082
4738 692
4739 978
4740 2976
4741 3821
4742 4325
4743 302
4744 284
4745 2148
4746 4906
4747 4234
4748 2060
4749 667
4750 4774
4751 4586
4752 2578
4753 3499
4754 3991
4755 663
4756 467
4757 3813
4758 2485
4759 4687
4760 1926
4761 1169
4762 4835
4763 812
4764 4463
4765 2181
4766 4288
4767 553
4768 615
4769 4981
4770 1531
4771 3591
4772 154
4773 2209
4774 3893
4775 1791
4776 4357
4777 3799
4778 1025
4779 2769
4780 818
4781 2151
4782 2355
4783 3396
4784 2002
4785 2699
4786 411
4787 2469
4788 1512
4789 2896
4790 3508
4791 417
4792 3344
4793 603
4794 1232
4795 525
4796 4892
4797 1786
4798 1140
4799 1225
4800 3317
4801 1083
4802 1379
4803 526
4804 4976
4805 4522
4806 1235
4807 128
4808 547
4809 4004
4810 946
4811 4050
4812 2712
4813 695
4814 1053
4815 411
4816 2458
4817 4874
4818 3275
4819 355
4820 3383
4821 3066
4822 2124
4823 1727
4824 3670
4825 3357
4826 3604
4827 4914
4828 143
4829 1096
4830 1139
4831 4812
4832 2179
4833 3870
4834 1691
4835 2155
4836 3393
4837 4278
4838 3635
4839 292
4840 4635
4841 4582
4842 4343
4843 2347
4844 1629
4845 1748
4846 4110
4847 4087
4848 1622
4849 3737
4850 794
4851 1357
4852 1804
4853 2919
4854 3084
4855 1826
4856 1276
4857 3040
4858 1740
4859 2771
4860 4136
4861 4231
4862 2583
4863 1315
4864 4453
4865 4274
4866 4823
4867 4198
4868 3553
4869 3458
4870 843
4871 4540
4872 4392
4873 1538
4874 1887
4875 1021
4876 3286
4877 2349
4878 1461
4879 1260
4880 1086
4881 2255
4882 2618
4883 2890
4884 174
4885 2054
4886 1068
4887 2802
4888 95
4889 4160
4890 573
4891 583
4892 4743
4893 3157
4894 1899
4895 549
4896 3783
4897 1722
4898 4747
4899 3688
4900 180
4901 1942
4902 3228
4903 925
4904 3480
4905 1467
4906 1946
4907 3118
4908 3816
4909 3407
4910 4379
4911 4903
4912 663
4913 3349
4914 4145
4915 2189
4916 403
4917 1566
4918 4992
4919 1850
4920 726
4921 565
4922 2434
4923 1822
4924 74
4925 4333
4926 2371
4927 210
4928 2407
4929 3470
4930 3898
4931 3939
4932 413
4933 3479
4934 4864
4935 3893
4936 1298
4937 3163
4938 3364
4939 115
4940 1570
4941 2743
4942 1370
4943 3585
4944 1092
4945 1867
4946 2127
4947 2847
4948 3433
4949 2119
4950 4698
4951 512
4952 4036
4953 3484
4954 2334
4955 4111
4956 4169
4957 4705
4958 4321
4959 2928
4960 4527
4961 4571
4962 1867
4963 4940
4964 4402
4965 3084
4966 186
4967 701
4968 1247
4969 3550
4970 2168
4971 4169
4972 2645
4973 3538
4974 4107
4975 89
4976 1757
4977 1234
4978 2936
4979 191
4980 3353
4981 3986
4982 2055
4983 3741
4984 3822
4985 741
4986 2852
4987 2991
4988 1798
4989 3525
4990 919
4991 1325
4992 4449
4993 4139
4994 1266
4995 203
4996 2223
4997 2804
4998 904
4999 4822
351 4314
389 67
3889 1763
3233 3561
504 4886
2504 2865
213 1482
2637 2167
1274 1687
23 4779
1693 115
1589 2538
4053 1053
1690 4572
3294 3480
1543 1464
4779 3100
2029 3027
2494 1438
4331 3391
2963 2727
1444 2865
2964 4550
2366 2859
4845 2151
3723 997
139 1211
1125 2510
1405 4991
944 4252
1803 1618
2084 4067
2570 4384
1041 2143
3269 2288
490 45
674 530
3655 232
951 4484
1102 4913
2819 2902
4824 1469
1247 875
4175 2078
3818 4105
471 2760
3426 3711
4579 2818
844 2071
1176 1840
3870 547
838 3146
3778 3033
4318 464
935 4074
3767 293
1731 331
3571 3026
916 3248
438 2788
821 2572
324 4518
3629 2683
4086 172
3837 3617
2932 885
2482 362
1699 2535
4027 1284
3005 2960
2867 3998
2848 1681
1457 1352
4974 960
2548 3005
3150 576
3529 1861
4268 753
3602 1853
1888 59
1657 3388
1931 976
239 654
3389 1231
617 4686
3401 512
3527 3753
1993 2507
935 2087
1912 413
2420 9
599 1514
2370 1319
337 3847
1798 2193
3926 4106
1018 122
2542 1927
2545 3879
1992 1249
3408 4657
614 2819
4519 4508
3830 1307
2576 650
2284 946
3758 2864
763 197
3975 3345
4878 3916
2389 3618
619 3900
1726 2536
3851 1295
3201 299
3964 497
359 390
56 2340
2609 1912
2397 577
549 1999
4449 3114
3338 176
4633 101
1781 2670
202 864
2841 3473
3338 870
2576 3238
1225 1094
417 671
4546 3761
2216 3907
4009 4109
1262 1951
427 1641
170 4218
463 145
539 1673
4757 3880
4206 4459
2967 2942
1874 1301
166 4287
928 3141
1227 1644
4136 3535
3293 3939
74 3145
1113 2989
642 3848
1167 366
959 1891
3075 3389
1271 1142
1330 2619
3206 992
2393 879
219 3236
542 756
2857 1497
4618 1648
890 2791
1321 4058
926 2803
3520 1492
2952 216
1714 2554
3446 3548
3065 1549
692 3478
2454 2896
3306 1327
1109 2166
3953 3224
4250 1674
4129 2999
487 2722
4366 1528
2086 1656
4765 2709
4071 1508
4757 4037
1431 2376
2624 2703
2883 4522
440 125
1119 3643
575 829
1121 3122
62 4859
2765 2352
2159 3514
2392 3729
4571 2977
1753 4637
1603 2406
254 3722
1466 3899
2612 1548
3233 3940
643 2221
2042 3824
2266 1254
772 1240
1854 4004
2669 3590
4457 2607
1431 2212
4037 1518
3642 50
4584 990
2570 2382
2234 4798
4720 3364
3534 3750
1357 4977
3663 3178
2473 961
2523 2746
4865 3493
3600 3534
2120 1838
374 304
4717 1661
2153 4655
1066 752
3275 390
3884 2020
3770 4060
808 2756
769 25
4170 2250
3031 4643
1403 4088
463 1224
2713 3732
165 561
4273 823
974 274
3877 4902
4222 4285
688 4026
1602 747
2247 609
2400 3919
1717 2152
3343 1132
1442 1672
1245 2360
399 1216
1146 2784
3920 4518
524 4973
244 3135
689 4880
4262 2266
704 3938
3448 3701
1417 4848
1073 120
2975 1002
4544 4396
3292 4087
625 3029
4058 1331
3923 2584
1348 2705
4874 3624
3549 4521
4570 2813
986 4337
2777 1314
1887 4230
854 47
1426 3694
4616 2489
4827 337
2604 1651
1111 3376
4350 2606
1188 2112
982 2967
4900 3145
44 4652
90 4328
4707 3170
4660 2997
602 1433
3065 4809
2416 4361
880 28
3847 4391
3345 1565
164 28
1087 1848
132 3967
2918 1436
2472 4983
3185 1291
3957 2122
3440 2596
1628 641
1947 2441
3384 3657
2208 3641
3338 1848
1543 4714
2423 510
1152 3314
3715 734
3595 4173
4879 2525
1096 4805
3772 3949
3781 2855
4611 1906
2925 4256
4991 1401
4286 1348
1228 2888
302 4462
1421 1999
663 4151
4896 3866
1664 1033
871 4782
109 3346
2789 2022
4443 1484
3619 353
154 2936
4600 3631
370 854
1136 2088
187 1504
4340 947
4176 1989
3877 4406
2082 912
4680 1572
3312 2727
4166 3665
2606 1063
1520 2603
3600 4938
1785 1718
2572 4514
3920 4349
1185 50
1703 4228
4746 1853
4269 3584
1872 1785
1810 2975
4947 4694
560 550
4899 2908
3824 1127
1731 4150
1322 4207
4610 472
687 419
3301 643
203 3667
3180 1403
4307 4407
3623 2491
865 3878
1650 1188
1947 3431
4094 394
2021 3575
2882 1771
4262 1586
779 2452
2202 4102
1669 1714
4858 13
113 1613
4345 4768
4739 4377
4666 389
2160 2106
3693 3056
4583 2109
2299 130
3026 4988
1453 1291
798 1059
1556 2177
457 689
272 4723
3184 4041
4654 680
897 3258
4409 1051
4866 1740
2082 2909
3420 482
1305 1488
2728 3948
3559 344
59 2866
4468 3917
2009 1503
4918 569
4094 1070
172 4393
4130 4229
3312 2340
4210 3467
2589 889
4791 1063
2214 41
118 3274
4511 2794
4205 1924
1105 1398
90 2934
3496 3369
561 958
4079 702
2376 4386
4981 3898
1839 3103
2926 560
2680 1330
1966 1232
4203 2375
816 2532
2366 4470
3368 1531
1526 3464
2496 2418
1843 3651
1957 573
2773 3105
2857 2640
2328 1100
453 1224
269 960
4335 1370
3327 1786
1243 1263
3968 1901
4477 2171
4258 4937
1144 4869
2023 1078
2291 575
2989 525
883 4921
4136 3536
4463 2300
2466 509
3539 809
2616 151
4289 755
1197 2894
3090 129
303 4265
1994 573
4294 3169
4091 1987
911 1884
2476 423
2277 33
980 2582
3565 673
3468 4322
3617 3174
3851 1324
2926 3800
2811 914
4198 3191
523 4884
1909 192
4238 4624
3560 4628
4154 727
209 4066
563 3570
4912 1400
3715 1483
2459 96
812 2747
1689 966
4087 1735
3707 649
4583 1219
2335 1673
2939 1046
3912 3669
3011 2615
4701 4933
3008 4021
2459 1793
975 782
741 785
1015 2919
4684 4470
1115 2233
3693 4004
2445 668
1446 1386
3523 2274
3729 4222
2874 4929
1460 4812
418 1046
2132 4740
4954 4626
1646 536
4384 4278
2905 1766
4450 1847
1818 1991
1828 3958
2058 2193
98 3774
2613 3084
2215 4494
4904 1322
2890 1635
120 3909
4147 1823
1205 368
2523 466
3989 2719
3475 438
2609 1775
4044 1679
922 4419
2452 2672
4944 501
4135 3058
3982 581
4571 795
4398 2585
3662 1546
3771 590
3675 2136
941 3647
6 3591
4078 4822
3060 1756
3367 2679
2665 4326
4211 3861
4801 1427
4737 857
1983 4116
2413 291
2047 2253
1759 3155
1599 1913
1232 4246
977 336
2688 4770
4233 3765
1942 495
1573 843
2683 2679
1493 4876
4458 3662
3499 3432
1656 2665
104 2570
1951 4728
2922 956
4988 926
802 3053
1277 4161
735 2823
890 1625
276 2098
2200 1373
4269 4303
3674 2567
2238 466
1943 1244
1792 2622
2068 1072
1946 4641
4072 3041
2991 1420
1886 2620
2938 3591
1187 3138
2979 2112
4537 3630
4365 462
3953 3211
3346 986
3004 569
4160 2251
1741 403
3781 1095
781 2777
2159 1596
311 2066
4317 1468
1872 4904
441 38
3543 845
2597 4589
545 1111
2253 3752
2007 4397
4074 2337
157 3907
3811 1123
201 1187
2033 3235
1826 832
2729 2212
1577 3768
4863 559
680 4493
2033 4228
1137 2244
3590 1024
4470 4974
1183 2903
2937 4513
1758 141
2604 2905
4637 3486
55 3653
2299 4653
4675 4733
930 4796
904 905
1025 523
2406 3633
820 1237
2226 3886
2540 4503
2193 2208
1538 4427
332 1908
2467 1709
90 2975
4254 3729
3141 470
2033 1325
4505 3283
2435 1968
425 1031
3400 1237
491 3725
4984 547
1873 4188
1759 2154
4735 710
4703 969
3913 3915
3668 1557
3985 3400
3620 1628
816 4350
2154 2316
4379 4998
348 2620
4637 1534
4957 3181
2866 1176
1003 2868
2758 4713
3627 614
3855 1365
3152 3065
4011 999
3527 2778
2775 3285
1996 421
1709 3373
1379 3352
3365 4313
4747 4147
2039 3201
1034 3564
2957 2234
4080 2293
2169 370
4207 2968
3273 2345
232 4782
3377 4091
1017 1176
509 256
2398 308
919 2030
2805 3066
4782 2016
2260 4760
3279 2221
3239 2514
2637 3765
2945 3656
4976 1160
2964 4936
1049 2397
1944 2028
3282 3081
3780 982
4747 4145
2788 138
3317 2729
3253 1034
520 2598
3163 2233
4045 4382
1379 654
4860 2234
3150 2275
4641 4184
1670 1108
1028 1275
4191 3508
967 4896
3445 1047
680 137
1596 1102
3250 2190
1381 2584
969 1826
381 4121
4259 135
525 123
1373 3922
3334 3626
639 7
948 976
1582 2912
4391 4645
2059 3493
165 1247
4227 2504
1331 1236
1236 922
3865 1561
2456 2469
1720 2582
1816 1773
3179 1447
3357 2006
2928 991
2471 3888
1357 1497
291 4035
122 1008
2456 4542
4482 312
2950 2501
1324 2484
2603 194
3081 2670
1594 4515
2602 2144
2245 1999
85 669
222 3620
1368 1303
3971 2849
2277 4686
4948 4984
815 1755
2959 476
2645 2997
4082 3666
3123 2402
778 3715
4979 2722
1163 1648
1198 2464
188 423
588 1421
770 4245
4437 1932
4427 3311
2410 928
907 4619
2134 2478
1294 2035
3070 1620
843 4371
2403 1900
3595 12
3260 807
4231 1637
1762 2726
2028 69
3642 38
3290 348
4854 3943
180 1171
4306 3083
718 4449
56 500
2782 1424
2809 2124
3231 549
4492 1630
2015 482
3565 933
4367 1730
4290 2582
453 2862
1841 4499
1278 344
2247 2359
2852 3681
3785 720
1158 3103
1896 518
4758 2836
4738 95
2881 3288
3414 4567
578 3166
1018 2535
1123 3782
4630 4385
3863 2674
3593 4369
1759 3223
4130 2111
1638 3071
4784 1548
907 330
982 1574
2405 1204
480 1419
3354 3696
2904 2291
4391 2773
3833 2878
3384 2662
2519 4922
1756 2256
284 4661
3197 142
668 3924
4311 2575
3337 4972
1922 1906
247 4426
3903 2534
4132 2818
1918 1015
1122 2503
375 3171
3884 2483
3109 2416
960 4338
4586 1498
4841 4032
3203 4121
570 672
1245 99
2927 3417
239 4107
4417 45
1734 4886
798 3860
1183 1944
4257 368
1854 468
1935 1170
2935 811
1352 618
2703 505
392 580
3727 1156
2984 1525
1993 2801
2920 1061
2414 945
4731 1613
1475 3545
2079 4737
139 4817
372 2801
2025 2118
3180 3471
1946 768
1172 4210
823 3927
4368 966
949 275
1321 4428
545 4773
2570 1891
3868 1423
3369 1866
1077 3832
3252 4112
78 1338
2296 2288
3609 1838
1611 1313
4855 3941
2630 1391
687 3619
2731 1922
3261 3695
1901 1105
1017 4555
762 463
1855 471
1465 257
3795 1607
3060 769
2226 3821
1957 4332
2166 1701
4152 3189
12 2965
1955 2328
2105 1000
2874 4272
1453 3094
1928 479
4264 2628
4124 775
3441 4599
1927 1596
4403 54
3586 2928
733 160
495 3938
769 4528
2784 2808
3584 1395
3846 3451
1794 3893
2400 4386
2358 2850
3620 3154
2017 2290
566 331
529 705
4587 3005
325 1220
1772 4280
142 1571
4078 2122
4409 728
2786 4451
3736 4585
1373 4172
2763 849
3065 1998
2569 3124
4595 836
4323 3179
1937 4229
1522 4721
2047 4570
2311 1246
2348 574
3548 2614
1844 160
1565 3939
3185 1007
4764 376
2456 1760
912 3223
4285 3390
1004 2715
733 765
1203 2730
4808 3846
489 2311
423 4592
635 3020
4820 376
283 1576
1772 4947
4029 4351
2876 2927
3805 274
3188 3313
4273 3948
3966 3769
4611 3705
399 2812
346 316
102 143
1150 4916
4189 719
4508 840
2235 1803
695 217
1358 564
1292 746
4896 4693
39 2445
2222 1619
1412 3690
4507 1333
1104 3380
4174 4296
1714 1087
4884 798
925 1661
4615 4123
4145 2698
20 211
3238 1302
1465 2719
4570 2604
4801 449
4913 4974
3096 2417
4659 3470
50 1576
3449 3209
4484 3532
4713 2320
3476 283
3991 196
2070 3292
3611 1916
4844 3615
3623 3376
2861 3866
4553 3440
3723 4410
3920 2133
3564 3626
1516 2237
1780 2250
835 1723
4817 504
876 3927
1939 4325
2698 4664
846 4581
515 2449
4229 652
2329 13
4103 3240
2405 3276
4892 303
4548 4620
466 1645
4675 954
2320 4092
3684 4671
2216 1469
1910 2407
3997 2873
207 3024
994 2699
4368 1056
4813 4818
4490 133
3677 2678
1039 1817
4224 275
4205 1899
3581 3098
2632 2956
3781 1537
3734 34
3867 3196
1518 1874
4265 2011
3567 2587
1036 813
1045 4394
3401 3379
125 3420
3014 3279
4400 3981
144 832
1690 2824
2805 3655
29 1579
827 705
952 4125
4719 2737
2316 4234
1787 924
1875 2330
531 1322
108 1351
957 1449
2755 3299
2654 106
2021 1982
3094 3865
4933 3973
2000 127
2744 3246
4284 2472
4217 3155
2516 1576
4484 4230
4590 4161
2924 1422
1789 1358
762 2645
2241 2710
488 84
2695 721
189 3806
1329 4642
1645 1249
4420 1667
2130 2018
4775 721
3837 2168
273 514
796 2443
2125 2085
2403 2670
1180 3460
1942 3690
4411 1251
2746 828
3288 3174
3895 1811
1043 4254
2389 1923
1928 4246
3184 2290
4902 1701
1808 3281
2636 1726
2856 2559
3602 3228
3122 2271
3985 2159
3401 1926
334 4192
1000 1903
4982 1594
1126 4833
706 1822
4329 2552
4667 4711
4250 4465
911 3755
2947 2127
4030 2138
3792 3202
2402 1976
2335 2658
2314 2325
3323 1575
2486 4397
83 2344
2643 3625
2867 4428
699 2931
2675 4141
1685 4254
4010 4079
586 4721
4508 2814
1810 1187
2446 176
1652 1877
2145 4128
46 2297
4287 4235
3659 4727
2541 1668
703 2855
3032 4757
3949 1108
429 1541
475 3838
4796 2253
1359 2604
3028 2275
1231 3622
988 4998
299 4480
95 1443
1983 82
2335 4146
46 1750
192 310
166 1929
1516 301
1816 1134
1722 1572
3015 2182
951 2310
413 1856
3438 103
367 4053
2062 3252
3135 4974
1349 3143
1597 444
1113 3573
710 1799
2331 2319
2434 2239
1487 3675
3279 261
1340 737
2230 2767
2217 1585
369 1774
1807 3662
4046 2395
4073 4501
1957 3806
592 2731
2716 150
4437 3276
4733 3733
1624 3593
2666 2995
461 2065
4175 738
1906 3844
3757 2409
2825 3911
409 3347
3095 3896
2604 2567
4648 290
4970 2018
499 905
4256 4666
4929 1112
3468 2873
988 2729
4944 1648
3260 784
366 397
1005 3596
3086 3525
3781 1993
4085 996
1425 77
112 2314
3878 1324
1222 1301
2971 231
2249 3414
697 4360
2559 1786
281 3511
3948 4879
2193 2846
2391 2048
1218 649
4922 1841
2553 828
4261 1216
699 3650
1647 2598
4222 1649
4944 4237
1293 3692
2015 4739
120 4000
3488 1400
2138 2311
671 1662
82 4911
4319 1111
2405 4881
156 801
2381 3412
2880 1900
431 391
2831 1115
2341 4576
1007 4005
2704 2101
4857 4041
1036 1471
1902 2449
3184 1126
1878 2055
2556 3655
4916 2660
1597 1716
4787 1574
164 4228
2987 1286
4890 87
2774 1719
4188 1253
3097 1260
3920 3787
168 749
1943 1325
2523 1584
161 2231
248 3576
3319 3087
2517 2980
4383 1382
3748 303
1062 2292
3164 855
4582 2371
2649 3884
1958 484
4041 3804
2673 2005
2796 2390
3669 2970
222 2486
1975 1267
3916 2679
3163 4995
4020 1055
1025 3480
4767 288
2051 2196
720 167
2653 2667
3934 1160
2144 77
3491 2698
3753 1315
1071 3633
3779 1595
2576 2568
662 3123
2806 3200
1004 194
887 2411
4829 3379
3365 933
934 4591
3440 174
1996 2824
2206 326
379 1214
37 1043
3820 2005
526 4291
1874 3012
1442 4081
1952 1800
2278 3297
888 846
1060 4204
1288 4480
2858 1272
1174 4717
1341 404
3953 249
4307 2489
4776 2720
360 968
3142 4869
766 4663
1402 3744
1120 1500
3989 2841
1715 3530
1582 1012
1205 1372
866 79
1464 3034
4399 506
4496 1885
4652 1384
2922 1790
480 4514
857 380
3364 2985
2751 2825
3257 1869
3754 2867
2861 3292
2059 985
602 4259
117 4718
257 1212
2965 2419
1577 438
2849 1067
4564 2679
4770 3451
300 151
1866 4745
3517 345
4055 1790
2228 2142
3662 4710
1082 1089
3761 3071
1522 2962
4465 4237
4211 1812
2728 3509
3237 3916
3142 901
284 29
1346 3358
2436 1251
671 4150
4451 990
4094 2663
2691 474
4396 2110
4924 1621
2527 888
3988 4132
4449 2301
233 4243
418 4992
632 2460
2771 3083
1876 2633
3418 818
4961 4609
2742 4863
2701 281
3419 913
297 2821
2256 4020
4890 1731
2060 2585
3218 3924
4730 1253
692 4531
497 1136
3294 1215
3914 625
286 3026
4223 2596
4785 2326
48 2805
495 848
3416 108
4294 1324
4655 2599
1315 1969
1363 1126
4613 2771
3533 230
865 2173
2510 2043
1698 3673
3013 1994
3129 1694
90 2056
4002 2278
3099 3681
724 2376
3774 2401
4396 2028
1509 1914
4383 422
2143 512
2396 866
1124 1748
4847 3613
4338 4360
2545 4738
1512 1582
4172 4242
297 990
4626 2189
3506 4851
1162 2455
2198 1631
1818 4377
3400 4801
1128 3973
2279 622
3362 249
4437 3445
3296 1915
3510 4008
4655 4481
4282 2353
4608 1908
232 1831
3291 43
1624 1384
3434 3487
2442 3573
28 4847
773 1142
4033 3012
2838 3245
2081 1536
3738 2360
3858 966
2152 3897
2261 2697
2236 3082
920 3255
1143 1966
2119 976
4479 3830
3030 2688
954 1987
2878 2843
4840 2712
4850 1506
3105 3688
3102 2719
4659 3550
4741 1580
382 3944
4450 1141
3515 1150
3431 4275
66 4876
3699 2827
3920 430
1061 2165
3172 4853
2146 420
4042 1463
4487 1546
4363 3614
4663 3666
2161 531
3943 3250
1108 4913
2314 3861
4086 2935
1999 1977
2415 2189
2615 1677
1528 2392
3044 2575
4108 4512
3055 1972
3087 4724
301 1724
4054 1843
1255 987
633 2301
3677 1228
2252 1688
429 4744
3566 574
3006 299
3375 2222
218 1276
4711 4439
72 669
1897 4169
3585 2133
2069 2654
1773 2606
3617 4021
4958 4240
1693 3934
880 358
2120 4165
3300 4470
4079 3028
1337 563
1929 2545
846 4239
3131 1471
774 2202
3429 4851
2899 2525
3321 546
4214 1318
3833 779
2842 1524
3616 78
2862 2797
1521 1569
2591 2703
1937 4607
4238 3440
2637 4472
2419 4988
295 1589
373 1830
4522 501
3422 688
529 4901
4738 4784
1377 3773
1385 113
147 2735
130 1195
3625 4468
2504 1366
925 4971
709 3821
3651 3012
1225 2834
442 1801
519 2661
3000 1200
242 55
1565 1332
1505 3548
1814 2395
3758 1607
553 3408
216 2256
3456 4464
3512 1749
1196 4767
3315 3634
1130 41
2737 1266
3752 4920
2176 4134
496 1699
138 2097
3372 2616
1741 99
2901 1686
1606 836
1273 1974
2972 2108
3599 4109
4542 2583
1483 4443
3475 1348
2671 948
4004 4060
986 58
1880 3993
2874 476
3364 1276
66 4751
3011 2394
3307 1669
1575 3052
635 4386
2973 4444
779 432
448 4840
3791 4071
144 3949
4530 2556
2946 1624
4910 2581
141 4801
1817 3086
4476 570
4332 293
4447 3239
244 3009
4177 278
1206 3416
4798 3877
4131 4145
1067 3101
1219 450
1630 4767
2662 773
2051 1104
4520 4763
3397 1572
2344 4850
168 1860
4818 4051
1620 833
3263 3506
482 3925
4629 479
1793 2343
6 3205
409 2990
2774 3392
507 3986
2200 4476
1363 2103
1640 490
3490 1471
3301 3376
3926 612
4005 3224
1034 2573
511 3900
899 808
741 2279
4777 4581
2508 4234
4797 1057
3723 1669
1776 2026
336 1369
4265 2769
4875 3087
2126 3896
2527 2709
1759 1505
536 1302
1377 422
4506 2448
2349 4969
1544 1437
3574 4304
1673 4395
1283 3812
2087 1541
3186 1047
4050 597
4907 579
2181 1774
516 3223
4328 1345
4888 430
880 938
690 2379
2639 1170
3101 3200
2070 3691
1817 2954
691 4822
4496 4150
2499 3108
488 2417
3010 3701
1902 2675
1945 2624
1753 3627
2255 357
4979 1975
4620 826
2549 3522
3629 985
1304 519
260 2211
2418 316
2571 3289
2551 1617
2443 3996
4508 2245
368 393
539 3278
848 922
3780 4993
2070 2458
4135 803
3155 3942
654 3374
2348 3742
346 981
1208 4706
2651 436
4943 4742
1696 1748
3346 4096
4442 1929
3067 3509
937 3770
1776 1993
1446 996
894 4483
1988 1962
3736 4168
2833 1468
4749 1924
3686 227
837 2175
1626 3500
1110 669
4424 886
4944 4450
364 4974
4173 6
2543 4792
1164 1418
2031 3880
1229 2829
2031 2254
1658 2176
180 2730
4088 3286
1283 2181
2457 4697
2966 4615
733 4402
2518 1060
2334 3816
1547 1922
1561 4440
94 451
2858 2872
2191 3807
4339 3024
1903 4989
4310 2323
3314 1190
2115 1208
4479 4596
4388 1240
2261 432
804 4239
3616 3957
298 2741
414 4496
1085 2279
1939 186
924 1136
1568 4159
2160 1998
3424 2647
2517 3829
763 4021
4207 4140
4104 3725
240 1783
3161 943
2941 3639
1600 3415
933 278
217 4956
1547 2954
2094 1717
2171 4585
3954 3342
144 2637
86 2142
1535 1347
2131 2405
4657 2893
4967 3311
1684 874
3678 1770
4642 3020
2366 705
2052 1982
4387 187
831 347
3287 2940
1965 4711
4083 780
2645 3376
403 2857
1131 3581
232 4412
576 931
1581 2896
4504 327
2973 410
1323 1284
3078 493
369 442
3854 3084
1046 728
4556 3454
4060 3782
156 3107
2505 782
418 213
3257 582
266 3434
1518 3598
1610 3930
2384 1209
2518 4052
1977 2305
2760 4547
2973 2282
4907 1811
3341 363
1211 54
1161 422
291 3089
3033 4958
1690 551
2589 2914
3535 2281
781 3185
698 226
4822 931
372 4133
3518 3294
2021 4150
4395 373
3028 3408
2 1805
4539 1609
60 2767
3937 4862
4508 2147
1057 4168
520 4916
4871 2944
3645 2947
489 3077
2015 2568
742 1725
2889 3445
538 2622
1921 3425
760 547
1188 4505
2582 1420
2244 2416
3860 4896
879 4574
1417 3548
3304 470
2582 2081
2822 1971
2888 4809
4705 4525
666 397
3776 53
310 1148
3744 4560
1737 3702
2402 2876
765 2765
3866 2470
3673 947
2449 1000
2148 4570
1708 1924
1559 2484
361 3387
2696 4975
2841 4413
400 1573
1322 4429
3246 319
2028 2468
4512 4250
3989 597
1494 1226
2821 4862
3601 3523
985 4031
2559 2724
1988 3125
3659 3349
2479 2836
1729 1284
2071 3233
4460 316
1339 4198
1887 3177
4009 1093
4573 77
4994 1956
2732 2631
423 3181
2482 4716
3811 826
3564 4343
2354 3772
3981 836
1892 409
2704 4424
1200 2157
1068 2045
2379 3282
1723 1973
1847 588
2210 1390
1990 601
1100 1573
3257 1427
1482 2496
3519 4391
1202 1463
4662 2066
628 3960
4537 4739
2530 2867
4104 445
4408 2703
1769 2574
4972 2973
3044 3988
614 2685
3493 4314
4983 4825
4202 2789
999 361
408 4416
3342 1683
421 1655
3978 1051
2306 1665
4755 554
2130 292
2644 1234
1581 3993
766 4915
967 691
3984 3081
224 4003
1862 3862
3506 4734
1150 2320
554 4323
434 4266
1531 1585
3923 951
4276 4218
3138 1287
2136 2298
3002 4205
536 3443
2709 657
3789 1215
1053 2816
4105 776
1353 47
3049 1757
2141 2154
4645 4669
3939 1168
2942 4419
3587 2506
2177 4298
1625 1311
118 3465
703 1125
1992 3314
1256 1685
252 272
4399 4966
1623 3168
4600 4479
2944 1223
625 3474
3212 466
4126 3965
3685 3742
911 4612
1987 3943
4071 549
844 1174
3412 739
1217 43
3381 3728
2168 991
4206 3751
2545 4046
485 3820
1491 281
3500 1109
497 2326
2059 743
2995 808
962 2645
4748 2423
118 3316
1227 3935
3553 950
3045 4702
4779 3759
4333 2021
3680 4181
1827 3992
3969 4762
2744 1971
1061 2681
343 3486
2245 4509
4270 4489
484 1627
2031 1948
4679 4693
2444 2106
3454 3088
2105 1872
3956 3171
3794 4629
531 113
2612 3496
808 4527
3324 158
1113 4965
2800 2070
1702 2222
364 3850
3535 3990
3619 2456
3177 4932
4460 1223
3783 3897
4768 2181
3343 4026
3545 4828
2908 3684
2425 2522
1370 1118
1367 1761
768 2881
1224 4759
939 1045
4729 1162
104 1147
3979 1253
2313 2582
4745 2503
3272 1287
1495 3864
2431 2231
3312 4804
3641 1261
882 154
3879 4899
2285 4548
4925 3578
70 1202
3768 1485
3573 2384
1186 4430
2778 2730
3035 4965
4429 3844
3326 2482
495 2407
1863 2548
1443 399
1368 2783
1231 1684
1071 2613
4699 3826
3407 673
1598 2104
625 1018
1163 1140
46 4118
3082 1766
731 3664
506 2882
3043 833
120 4786
3635 1563
3528 2631
4447 2427
797 1589
4171 2416
2893 3084
4365 2871
3919 2127
763 1849
4480 942
2938 2346
619 1793
3277 3942
3600 4138
4633 3383
4950 4101
2247 3529
2042 2245
741 3194
2547 2829
3380 1525
1659 3717
2407 1589
4087 2644
787 2585
3798 4595
4626 2376
1152 4791
4163 3508
1530 2267
1480 322
3173 3651
3710 2890
477 1594
1424 891
3569 2810
3452 1427
719 82
3425 1381
1424 1243
3353 3029
1244 4910
81 2248
4120 4848
1282 4828
2898 4715
493 3465
2066 3298
3420 3356
489 1739
1689 1330
1158 3216
3777 901
1946 4596
514 3174
3356 1592
13 1464
1854 3204
886 4869
4852 2452
3629 4705
2805 804
3346 823
4280 2624
1036 3601
164 2684
2785 1227
4006 4093
3443 3945
2164 3927
577 4754
3730 2689
3520 4747
3784 1099
2877 2438
2581 1247
1233 186
987 672
508 4346
2840 4218
4206 373
4394 2963
65 525
3607 565
2129 4054
915 4394
3612 1041
386 315
689 3132
4852 2526
872 3761
2368 3992
849 4399
2104 314
3379 421
4420 2216
4735 36
1629 2046
4578 4270
173 134
4165 1959
230 3747
4978 4194
1595 281
510 2058
157 3687
3265 1444
1317 2517
2310 4000
3916 3594
3693 4122
4668 370
4949 977
3359 1105
2139 1663
1801 2981
283 2136
4283 3251
4556 2347
3678 3497
3533 4648
2014 3007
1406 1933
3008 945
1229 4539
1864 4142
64 2339
582 2708
2497 2407
3677 4397
50 2820
1492 3292
4183 843
3325 317
4347 1117
2055 4730
3831 2869
3020 2639
1822 2587
148 4256
3517 3603
1233 3917
4796 4100
3388 3680
2960 1014
1797 2542
1773 4650
2238 3391
1494 128
2433 4813
2400 1834
2848 3508
767 3771
2409 2162
2538 2126
521 911
3613 461
1767 1498
3601 3867
2375 428
4549 4553
4202 681
2716 888
1195 2546
2072 829
2328 4491
2547 1410
2739 4748
1059 4671
3092 3356
931 1949
4027 407
3212 2479
3850 2671
4694 1464
4629 4738
2112 2149
242 85
575 1016
4608 4795
2466 2999
282 2359
1045 2993
2002 2622
4059 1086
787 2588
872 4843
400 2822
2716 3579
2511 2470
857 1612
4170 2657
4797 475
1322 2210
3763 3082
1779 4971
4601 3256
4533 1150
3854 680
1653 234
192 88
759 3409
4961 1721
2423 2251
3104 1075
397 2729
2909 2332
2886 2524
4104 1190
837 1949
4793 3855
1318 3680
1784 3368
2181 2449
232 358
1950 4596
4212 2237
1330 4223
10 1516
327 2333
4240 214
786 322
2723 886
2288 3813
2584 3887
3087 217
4908 1580
2069 3374
1950 54
3318 4011
3532 2650
206 2335
4733 775
4662 2384
1231 915
2811 2314
3389 3944
1910 2262
2146 1578
4488 1148
143 2233
2255 2664
364 248
3059 1536
1485 2265
1402 4175
330 3846
1908 712
2174 200
343 91
1320 3029
275 1869
2958 4140
2634 1574
2035 3269
4439 4535
860 2757
1676 4342
2965 969
2103 2774
2595 3234
3445 2220
2152 607
1399 2139
3611 4897
2491 99
3804 634
4498 1635
858 4787
1315 1790
2397 2226
3796 4365
614 3285
713 3650
2699 2043
4335 4753
4540 1646
714 4516
1001 831
623 651
4126 4083
687 445
1852 3946
3281 3837
4826 3377
443 4348
2067 2183
1268 1309
1203 4015
4853 4208
3962 2489
4089 628
747 3691
1352 4105
1415 308
2165 3308
4956 4513
479 4828
1976 4195
2516 284
1196 1793
1836 1608
2065 2160
4377 4474
3543 1262
4071 2453
4618 438
187 2954
4793 1800
4760 2757
4831 1903
289 3854
3189 2397
2268 1468
4676 2438
1039 2625
2687 3561
1497 462
606 4336
3227 4167
225 3472
3560 2737
1358 4296
3425 711
2465 624
1297 3689
1514 4414
1615 3129
1945 1352
4773 1261
4069 2678
2155 3335
3490 4852
3531 3660
962 268
1287 1722
4358 687
3365 125
1701 414
1945 4519
3570 4527
925 4885
